symbol,date,open,high,low,close,volume,change,changePercent,vwap
ASML,2025-04-04,622.0,626.15,597.69,609.15,3277581,-12.85,-2.06592,611.0
ASML,2025-04-03,649.53,650.97,622.82,623.22,2870607,-26.31,-4.05,636.635
ASML,2025-04-02,664.39,676.39,660.83,669.01,1119008,4.63,0.69537,667.655
ASML,2025-04-01,664.57,670.64,656.35,667.34,1212618,2.77,0.41681,664.725
ASML,2025-03-31,660.26,665.16,652.88,662.63,1685000,2.37,0.35895,660.2325
ASML,2025-03-28,685.13,687.44,672.05,674.58,1393008,-10.55,-1.54,679.8
ASML,2025-03-27,698.49,702.48,689.0,690.63,1285500,-7.86,-1.13,695.15
ASML,2025-03-26,715.9,719.99,702.24,705.76,1270018,-10.14,-1.42,710.9725
ASML,2025-03-25,732.06,735.0,725.42,726.74,1244301,-5.32,-0.72672,729.805
ASML,2025-03-24,728.03,731.95,726.34,727.84,1104400,-0.19,-0.02609783,728.54
ASML,2025-03-21,711.79,721.36,711.21,716.22,1967217,4.43,0.62237,715.145
ASML,2025-03-20,725.01,735.4,724.23,734.06,1282411,9.05,1.25,729.675
ASML,2025-03-19,729.11,746.75,725.06,734.91,1080500,5.8,0.79549,733.9575
ASML,2025-03-18,729.9,734.19,719.99,731.11,1007300,1.21,0.16578,728.7975
ASML,2025-03-17,718.05,734.55,717.21,730.33,1423300,12.28,1.71,725.035
ASML,2025-03-14,707.68,720.03,705.36,714.0,1367524,6.32,0.89306,711.7675
ASML,2025-03-13,697.84,705.3,688.26,694.59,1399500,-3.25,-0.46572,696.4975
ASML,2025-03-12,704.14,708.3,696.74,703.37,1306300,-0.77,-0.10935,703.1375
ASML,2025-03-11,698.82,702.0,681.26,690.21,1616844,-8.61,-1.23,693.0725
ASML,2025-03-10,697.98,699.0,676.0,683.11,2321500,-14.87,-2.13,689.0225
ASML,2025-03-07,726.16,734.0,715.5,732.22,1426613,6.06,0.83453,726.97
ASML,2025-03-06,718.85,731.17,711.0,714.84,1427928,-4.01,-0.55784,718.965
ASML,2025-03-05,731.62,740.55,719.3,739.75,1754300,8.13,1.11,732.805
ASML,2025-03-04,698.27,721.3,692.69,708.22,2044726,9.95,1.42,705.12
ASML,2025-03-03,722.05,732.35,692.48,699.86,2284110,-22.18,-3.07,711.685
ASML,2025-02-28,706.82,713.5,697.51,709.08,1773419,2.26,0.31974,706.7275
ASML,2025-02-27,743.42,744.8,696.91,697.7,2342831,-45.72,-6.15,720.7075
ASML,2025-02-26,743.82,753.77,738.91,746.93,1401441,3.11,0.41811,745.8575
ASML,2025-02-25,732.19,738.98,726.21,730.19,1691200,-2.0,-0.27315,731.8925
ASML,2025-02-24,746.13,750.88,734.7,735.96,1471200,-10.17,-1.36,741.9175
ASML,2025-02-21,744.15,745.71,733.2,737.21,1472315,-6.94,-0.93261,740.0675
ASML,2025-02-20,751.35,755.51,740.42,743.09,1185949,-8.26,-1.1,747.5925
ASML,2025-02-19,743.96,752.87,741.69,744.8,1457900,0.845,0.11291,745.83
ASML,2025-02-18,757.44,758.93,738.6,744.22,1715400,-13.22,-1.75,749.7975
ASML,2025-02-14,778.22,778.36,748.68,751.55,2047300,-26.67,-3.43,764.2025
ASML,2025-02-13,754.77,776.99,752.75,776.99,1674122,22.22,2.94,765.375
ASML,2025-02-12,738.35,756.79,733.56,756.17,1077846,17.82,2.41,746.2175
ASML,2025-02-11,744.67,753.49,743.88,752.98,1096746,8.31,1.12,748.755
ASML,2025-02-10,736.72,745.56,735.88,744.08,986103,7.36,0.99902,740.56
ASML,2025-02-07,739.05,742.32,723.75,727.7,1312400,-11.35,-1.54,733.205
ASML,2025-02-06,737.69,742.41,735.01,739.13,1120244,1.44,0.1952,738.56
ASML,2025-02-05,729.24,743.21,722.4,742.59,1251740,13.35,1.83,734.36
ASML,2025-02-04,736.9,742.69,729.28,731.41,1497000,-5.49,-0.74501,735.07
ASML,2025-02-03,719.13,735.45,717.92,731.06,1647200,11.92,1.66,725.89
ASML,2025-01-31,748.09,754.6,737.77,739.31,2127326,-8.78,-1.17,744.9425
ASML,2025-01-30,740.1,745.59,730.58,736.99,2745600,-3.11,-0.42021,738.315
ASML,2025-01-29,727.16,728.46,704.6,712.65,4971530,-14.5,-2.0,718.2175
ASML,2025-01-28,678.8,693.45,666.6,683.35,2811900,4.55,0.6703,680.55
ASML,2025-01-27,672.79,690.6,671.94,690.15,4947800,17.36,2.58,681.37
ASML,2025-01-24,749.36,750.0,729.3,732.25,1505743,-17.11,-2.28,740.2275
ASML,2025-01-23,740.01,747.75,736.0,746.24,1751100,6.23,0.84188,742.5
ASML,2025-01-22,777.75,784.82,765.89,766.71,1699900,-11.04,-1.42,773.7925
ASML,2025-01-21,763.0,767.73,755.49,763.0,1332045,0.0,0.0,762.305
ASML,2025-01-17,767.91,769.2,751.5,756.33,1933600,-11.58,-1.51,761.235
ASML,2025-01-16,758.8,771.56,748.46,750.28,2407611,-8.52,-1.12,757.275
ASML,2025-01-15,739.46,744.47,725.19,726.3,1864400,-13.16,-1.78,733.855
ASML,2025-01-14,737.54,739.52,728.06,736.29,1022600,-1.25,-0.16948,735.3525
ASML,2025-01-13,721.2,729.0,717.59,727.41,1321847,6.21,0.86106,723.8
ASML,2025-01-10,751.0,751.3,735.4,739.01,1515810,-11.99,-1.6,744.1775
ASML,2025-01-08,753.0,753.33,737.0,743.98,1185400,-9.02,-1.2,746.8275
ASML,2025-01-07,775.0,778.39,753.49,757.58,1490200,-17.42,-2.25,766.115
ASML,2025-01-06,751.06,781.09,749.65,768.51,2761133,17.45,2.32,762.5775
ASML,2025-01-03,703.16,717.57,702.58,714.36,1064105,11.2,1.59,709.4175
ASML,2025-01-02,705.34,711.96,696.34,700.42,1116282,-4.92,-0.69754,703.515
ASML,2024-12-31,701.39,702.98,687.43,693.08,965000,-8.3,-1.18,696.22
ASML,2024-12-30,700.0,702.81,694.47,696.15,1202603,-3.85,-0.55,698.3575
ASML,2024-12-27,717.49,717.5,708.59,713.59,942319,-3.9,-0.54356,714.2925
ASML,2024-12-26,714.21,720.5,711.11,715.86,734798,1.65,0.23102,715.42
ASML,2024-12-24,716.39,720.2,715.0,719.71,586834,3.32,0.46343,717.825
ASML,2024-12-23,707.1,722.05,707.08,721.04,1232626,13.94,1.97,714.3175
ASML,2024-12-20,700.15,720.4,696.28,705.68,2701800,5.53,0.78983,705.6275
ASML,2024-12-19,717.75,720.83,708.78,710.26,1622759,-7.49,-1.04,714.405
ASML,2024-12-18,748.51,757.19,715.48,719.49,2257042,-29.02,-3.88,735.1675
ASML,2024-12-17,740.0,745.12,732.68,735.19,1753300,-4.81,-0.65,738.2475
ASML,2024-12-16,720.05,731.0,713.33,722.38,1542830,2.33,0.32359,721.69
ASML,2024-12-13,718.58,724.98,716.22,718.58,1455700,0.0,0.0,719.59
ASML,2024-12-12,713.34,719.88,710.63,713.1,868707,-0.24,-0.03364455,714.2375
ASML,2024-12-11,711.89,718.0,706.49,714.43,1217600,2.54,0.3568,712.7025
ASML,2024-12-10,716.62,718.3,700.57,705.27,1214700,-11.35,-1.58,710.19
ASML,2024-12-09,713.25,723.21,705.65,706.52,1267500,-6.73,-0.94357,712.1575
ASML,2024-12-06,711.74,717.21,707.08,708.98,1215435,-2.76,-0.38778,711.2525
ASML,2024-12-05,729.15,729.22,708.0,711.5,1801140,-17.64,-2.42,719.4675
ASML,2024-12-04,723.79,724.94,716.93,719.92,1529828,-3.87,-0.53469,721.395
ASML,2024-12-03,702.65,721.33,700.62,718.06,1647225,15.41,2.19,710.665
ASML,2024-12-02,681.75,713.68,680.7,711.47,2325913,29.72,4.36,696.9
ASML,2024-11-29,678.87,699.65,678.54,686.61,1706533,7.75,1.14,685.9175
ASML,2024-11-27,669.76,672.69,659.61,670.48,1231800,0.72,0.1075,668.135
ASML,2024-11-26,679.59,681.85,666.83,671.97,1424100,-7.62,-1.12,675.06
ASML,2024-11-25,685.0,686.71,678.0,684.47,1511334,-0.53,-0.07737226,683.545
ASML,2024-11-22,667.8,674.8,666.22,672.88,1275600,5.08,0.76071,670.425
ASML,2024-11-21,653.92,673.06,649.02,672.16,2859043,18.25,2.79,662.04
ASML,2024-11-20,656.53,658.48,645.45,658.43,1677808,1.9,0.2894,654.7225
ASML,2024-11-19,662.82,671.41,653.47,662.16,1640722,-0.66,-0.09957455,662.465
ASML,2024-11-18,651.07,668.86,648.0,665.23,2012643,14.16,2.17,658.29
ASML,2024-11-15,678.36,679.88,657.52,658.63,3063214,-19.73,-2.91,668.5975
ASML,2024-11-14,705.68,712.0,691.53,692.96,3925300,-12.71,-1.8,700.5425
ASML,2024-11-13,664.62,673.68,656.78,673.41,2453700,8.79,1.32,667.1225
ASML,2024-11-12,672.64,676.54,662.83,669.18,1711000,-3.46,-0.51439,670.2975
ASML,2024-11-11,671.77,671.99,661.94,671.31,1520100,-0.46,-0.06847582,669.2525
ASML,2024-11-08,670.0,671.24,661.89,669.47,1726800,-0.53,-0.07910448,668.15
ASML,2024-11-07,674.11,679.84,669.81,677.21,1758311,3.1,0.45987,675.2425
ASML,2024-11-06,668.55,673.04,654.77,661.43,3208600,-7.12,-1.06,664.4475
ASML,2024-11-05,673.51,685.52,673.47,676.46,1282017,2.95,0.438,677.24
ASML,2024-11-04,676.05,678.43,670.82,671.16,1232509,-4.89,-0.72332,674.115
ASML,2024-11-01,678.55,682.76,673.46,674.73,1801716,-3.82,-0.56297,677.375
ASML,2024-10-31,682.98,683.0,667.22,672.55,2398300,-10.43,-1.53,676.4375
ASML,2024-10-30,693.55,695.62,682.62,683.83,3085200,-9.72,-1.4,688.905
ASML,2024-10-29,707.74,715.94,703.69,715.14,1445500,7.4,1.05,710.6275
ASML,2024-10-28,708.39,711.5,703.99,708.65,1182820,0.26,0.03670295,708.1325
ASML,2024-10-25,715.99,723.25,711.23,711.7,1380123,-4.29,-0.59917,715.5425
ASML,2024-10-24,719.99,720.0,706.45,710.81,1854700,-9.18,-1.28,714.3125
ASML,2024-10-23,714.05,716.31,700.1,708.62,1681400,-5.43,-0.76045,709.77
ASML,2024-10-22,723.0,724.11,717.64,720.91,2067000,-2.09,-0.28907,721.415
ASML,2024-10-21,724.0,724.85,708.79,714.1,2184820,-9.9,-1.37,717.935
ASML,2024-10-18,717.67,726.46,713.18,723.26,4537800,5.59,0.77891,720.1425
ASML,2024-10-17,692.64,703.88,677.12,700.6,7209119,7.96,1.15,693.56
ASML,2024-10-16,710.97,717.48,677.27,683.52,10296204,-27.45,-3.86,697.31
ASML,2024-10-15,867.22,873.65,717.5,730.43,9350715,-136.79,-15.77,797.2
ASML,2024-10-14,852.52,873.25,852.17,872.27,1769200,19.75,2.32,862.5525
ASML,2024-10-11,829.92,845.0,828.41,840.69,964926,10.77,1.3,836.005
ASML,2024-10-10,825.0,835.63,821.5,833.97,876300,8.97,1.09,829.025
ASML,2024-10-09,829.83,846.12,826.37,845.9,1004900,16.07,1.94,837.055
ASML,2024-10-08,822.5,830.83,820.07,824.26,1265934,1.76,0.21398,824.415
ASML,2024-10-07,811.72,823.0,811.01,817.25,898200,5.53,0.68127,815.745
ASML,2024-10-04,836.05,839.34,825.96,833.0,862835,-3.05,-0.36481,833.5875
ASML,2024-10-03,825.91,837.51,823.79,832.41,651900,6.5,0.78701,829.905
ASML,2024-10-02,820.8,839.27,816.5,832.19,898400,11.39,1.39,827.19
ASML,2024-10-01,839.68,841.27,811.9,822.35,1244100,-17.33,-2.06,828.8
ASML,2024-09-30,836.55,842.16,819.7,833.25,995071,-3.3,-0.39448,832.915
ASML,2024-09-27,852.45,854.15,838.2,841.54,1038400,-10.91,-1.28,846.585
ASML,2024-09-26,860.33,862.0,839.7,852.44,1566429,-7.89,-0.91709,853.6175
ASML,2024-09-25,816.35,827.21,814.0,818.18,878200,1.83,0.22417,818.935
ASML,2024-09-24,809.55,816.5,801.0,814.0,881228,4.45,0.54969,810.2625
ASML,2024-09-23,807.61,807.61,798.01,803.5,965600,-4.11,-0.50891,804.1825
ASML,2024-09-20,809.56,810.19,789.66,795.28,2748626,-14.28,-1.76,801.1725
ASML,2024-09-19,832.67,839.65,822.22,828.16,1644300,-4.51,-0.54163,830.675
ASML,2024-09-18,800.09,810.91,786.37,787.84,1249010,-12.25,-1.53,796.3025
ASML,2024-09-17,808.7,811.77,796.54,805.69,734600,-3.01,-0.3722,805.675
ASML,2024-09-16,808.96,809.23,792.14,803.04,1150141,-5.92,-0.7318,803.3425
ASML,2024-09-13,804.12,818.62,803.87,816.36,1069219,12.24,1.52,810.7425
ASML,2024-09-12,801.39,808.69,793.72,800.17,1318852,-1.22,-0.15224,800.9925
ASML,2024-09-11,770.03,801.6,758.73,800.14,2559122,30.11,3.91,782.625
ASML,2024-09-10,749.91,752.0,734.25,751.38,1524027,1.47,0.19602,746.885
ASML,2024-09-09,764.08,764.28,738.15,749.82,2539926,-14.26,-1.87,754.0825
ASML,2024-09-06,792.8,792.94,750.87,752.79,3286800,-40.01,-5.05,772.35
ASML,2024-09-05,795.69,808.05,790.5,795.6,1672000,-0.09,-0.01131094,797.46
ASML,2024-09-04,805.0,822.72,799.23,811.48,2350942,6.48,0.80497,809.6075
ASML,2024-09-03,892.6,892.73,841.65,845.39,1870843,-47.21,-5.29,868.0925
ASML,2024-08-30,900.05,906.93,888.94,903.87,991244,3.82,0.42442,899.9475
ASML,2024-08-29,906.06,914.53,882.99,887.71,1173800,-18.35,-2.03,897.8225
ASML,2024-08-28,890.7,897.46,880.42,888.13,727340,-2.57,-0.28854,889.1775
ASML,2024-08-27,880.0,895.76,874.48,889.88,661612,9.88,1.12,885.03
ASML,2024-08-26,903.54,904.64,882.45,883.31,1251500,-20.23,-2.24,893.485
ASML,2024-08-23,912.91,922.13,903.13,907.26,1396044,-5.65,-0.6189,911.3575
ASML,2024-08-22,943.0,943.99,904.59,907.71,1092616,-35.29,-3.74,924.8225
ASML,2024-08-21,933.72,945.05,931.67,943.61,646500,9.89,1.06,938.5125
ASML,2024-08-20,935.98,936.38,917.35,926.18,921300,-9.8,-1.05,928.9725
ASML,2024-08-19,917.14,933.71,909.45,933.15,1024623,16.01,1.75,923.3625
ASML,2024-08-16,916.16,922.46,913.03,918.66,804217,2.5,0.27288,917.5775
ASML,2024-08-15,900.39,930.81,896.3,928.25,1459010,27.86,3.09,913.9375
ASML,2024-08-14,887.59,890.39,870.46,879.58,887700,-8.01,-0.90244,882.005
ASML,2024-08-13,860.8,872.67,856.32,869.49,1526600,8.69,1.01,864.82
ASML,2024-08-12,861.75,866.97,852.82,852.86,1151200,-8.89,-1.03,858.6
ASML,2024-08-09,855.23,865.3,848.54,860.55,950500,5.32,0.62205,857.405
ASML,2024-08-08,860.97,878.63,849.26,876.65,1447700,15.68,1.82,866.3775
ASML,2024-08-07,877.0,878.39,834.63,836.35,1521637,-40.65,-4.64,856.5925
ASML,2024-08-06,840.36,860.01,835.53,843.01,1995749,2.65,0.31534,844.7275
ASML,2024-08-05,775.0,838.88,767.41,820.35,2815627,45.35,5.85,800.41
ASML,2024-08-02,824.2,828.59,795.89,809.35,3624112,-14.85,-1.8,814.5075
ASML,2024-08-01,923.04,927.76,871.81,883.71,1808505,-39.33,-4.26,901.58
ASML,2024-07-31,925.52,942.24,917.04,936.7,2406800,11.18,1.21,930.375
ASML,2024-07-30,892.5,893.94,856.0,860.24,1682100,-32.26,-3.61,875.67
ASML,2024-07-29,886.99,898.0,869.02,870.55,1231500,-16.44,-1.85,881.14
ASML,2024-07-26,893.92,895.57,882.23,888.39,1681620,-5.53,-0.61862,890.0275
ASML,2024-07-25,873.0,886.37,850.18,862.63,2075913,-10.37,-1.19,868.045
ASML,2024-07-24,918.16,919.67,870.76,872.75,1912000,-45.41,-4.95,895.335
ASML,2024-07-23,935.38,940.41,929.18,932.81,1056217,-2.57,-0.27475,934.445
ASML,2024-07-22,928.19,942.57,922.01,941.26,1926830,13.07,1.41,933.5075
ASML,2024-07-19,915.23,920.34,891.66,895.37,2133629,-19.86,-2.17,905.65
ASML,2024-07-18,953.5,957.21,911.0,924.15,2242200,-29.35,-3.08,936.465
ASML,2024-07-17,978.58,979.99,928.7,932.06,5188400,-46.53,-4.75,954.8325
ASML,2024-07-16,1074.52,1077.05,1060.74,1068.19,1197600,-6.33,-0.5891,1070.125
ASML,2024-07-15,1097.44,1098.73,1060.37,1063.63,1365618,-33.81,-3.08,1080.0425
ASML,2024-07-12,1072.76,1100.62,1066.3,1085.26,1053800,12.5,1.17,1081.235
ASML,2024-07-11,1109.98,1110.09,1061.56,1062.5,1152209,-47.48,-4.28,1086.0325
ASML,2024-07-10,1069.19,1100.58,1065.0,1098.95,925424,29.76,2.78,1083.43
ASML,2024-07-09,1079.7,1081.52,1059.35,1059.97,926706,-19.73,-1.83,1070.135
ASML,2024-07-08,1083.15,1087.79,1075.83,1077.39,882141,-5.76,-0.53178,1081.04
ASML,2024-07-05,1079.75,1082.79,1069.34,1074.48,771100,-5.27,-0.48808,1076.59
ASML,2024-07-03,1058.39,1074.3,1055.41,1071.41,779820,13.02,1.23,1064.8775
ASML,2024-07-02,1026.77,1047.99,1025.86,1047.89,748733,21.12,2.06,1037.1275
ASML,2024-07-01,1035.55,1038.11,1015.8,1033.49,791000,-2.06,-0.19893,1030.7375
ASML,2024-06-28,1028.0,1048.81,1015.45,1022.73,837765,-5.27,-0.51265,1028.7475
ASML,2024-06-27,1029.44,1041.71,1024.64,1028.01,784300,-1.43,-0.13891,1030.95
ASML,2024-06-26,1014.0,1023.6,1003.9,1016.6,885119,2.6,0.25641,1014.525
ASML,2024-06-25,1005.16,1023.49,1002.64,1023.34,801100,18.18,1.81,1013.6575
ASML,2024-06-24,1033.17,1034.71,1002.01,1002.01,1027000,-31.16,-3.02,1017.975
ASML,2024-06-21,1038.18,1039.0,1023.21,1036.6,1626737,-1.58,-0.15219,1034.2475
ASML,2024-06-20,1058.23,1063.15,1045.02,1050.74,1150337,-7.49,-0.70779,1054.285
ASML,2024-06-18,1042.2,1069.42,1042.0,1061.38,1025328,19.18,1.84,1053.75
ASML,2024-06-17,1044.19,1054.38,1032.67,1052.47,844443,8.28,0.79296,1045.9275
ASML,2024-06-14,1021.46,1031.0,1016.6,1027.9,1047213,6.44,0.63047,1024.24
ASML,2024-06-13,1053.73,1061.0,1038.74,1052.71,1106337,-1.02,-0.09679899,1051.545
ASML,2024-06-12,1059.15,1077.22,1055.63,1068.86,978400,9.71,0.91677,1065.215
ASML,2024-06-11,1027.49,1038.91,1019.69,1036.01,789544,8.52,0.82921,1030.525
ASML,2024-06-10,1016.14,1046.12,1013.92,1041.71,1039636,25.57,2.52,1029.4725
ASML,2024-06-07,1040.25,1043.74,1026.52,1028.42,936200,-11.83,-1.14,1034.7325
ASML,2024-06-06,1048.0,1054.44,1032.99,1052.61,1370700,4.61,0.43989,1047.01
ASML,2024-06-05,1019.35,1041.56,1008.9,1041.34,2586500,21.99,2.16,1027.7875
ASML,2024-06-04,962.24,963.71,943.0,950.81,765400,-11.43,-1.19,954.94
ASML,2024-06-03,969.34,972.26,948.39,965.48,752998,-3.86,-0.39821,963.8675
ASML,2024-05-31,971.81,980.0,932.93,960.35,1040400,-11.46,-1.18,961.2725
ASML,2024-05-30,957.0,969.15,952.8,966.12,847037,9.12,0.95298,961.2675
ASML,2024-05-29,961.55,965.5,955.94,957.88,902000,-3.67,-0.38168,960.2175
ASML,2024-05-28,972.8,992.88,965.25,991.85,1184000,19.05,1.96,980.695
ASML,2024-05-24,938.26,958.57,933.73,956.22,685071,17.96,1.91,946.695
ASML,2024-05-23,967.58,969.49,927.41,934.25,1357200,-33.33,-3.44,949.6825
ASML,2024-05-22,931.21,933.5,913.49,922.33,668645,-8.88,-0.9536,925.1325
ASML,2024-05-21,920.94,933.58,915.34,925.27,746425,4.33,0.47017,923.7825
ASML,2024-05-20,925.78,946.72,925.78,939.44,669308,13.66,1.48,934.43
ASML,2024-05-17,920.8,930.97,916.21,924.97,703789,4.17,0.45287,923.2375
ASML,2024-05-16,936.5,938.81,918.94,919.54,811169,-16.96,-1.81,928.4475
ASML,2024-05-15,918.65,937.42,910.65,937.42,883000,18.77,2.04,926.035
ASML,2024-05-14,912.9,916.38,905.88,915.03,592139,2.13,0.23332,912.5475
ASML,2024-05-13,927.68,929.0,914.26,917.24,745777,-10.44,-1.13,922.045
ASML,2024-05-10,925.0,939.0,925.0,930.29,814100,5.29,0.57189,929.8225
ASML,2024-05-09,914.7,918.17,907.38,913.54,756000,-1.16,-0.12682,913.4475
ASML,2024-05-08,904.44,916.73,903.32,911.47,555748,7.03,0.77728,908.99
ASML,2024-05-07,924.83,926.38,907.64,908.22,655004,-16.61,-1.8,916.7675
ASML,2024-05-06,909.2,918.36,905.03,916.92,642000,7.72,0.8491,912.3775
ASML,2024-05-03,894.59,904.96,888.67,901.63,1038174,7.04,0.78695,897.4625
ASML,2024-05-02,875.0,878.0,862.35,870.28,876821,-4.72,-0.53943,871.4075
ASML,2024-05-01,871.11,880.59,849.14,852.84,1458201,-18.27,-2.1,863.42
ASML,2024-04-30,896.1,907.18,871.22,872.47,1093044,-23.63,-2.64,886.7425
ASML,2024-04-29,911.85,913.25,901.08,909.77,650800,-2.08,-0.22811,908.9875
ASML,2024-04-26,912.27,926.39,911.55,918.97,865100,6.7,0.73443,917.295
ASML,2024-04-25,875.0,911.06,871.0,902.51,1114200,27.51,3.14,889.8925
ASML,2024-04-24,913.05,915.0,881.97,892.32,860600,-20.73,-2.27,900.585
ASML,2024-04-23,879.3,908.06,875.0,901.57,991302,22.27,2.53,890.9825
ASML,2024-04-22,870.0,880.0,862.46,872.05,1143919,2.05,0.23563,871.1275
ASML,2024-04-19,887.44,896.21,855.59,859.54,2486841,-27.9,-3.14,874.695
ASML,2024-04-18,901.12,903.6,886.4,889.03,1653731,-12.09,-1.34,895.0375
ASML,2024-04-17,942.81,942.83,895.84,907.61,3774130,-35.2,-3.73,922.2725
ASML,2024-04-16,958.3,978.61,957.2,976.92,1506517,18.62,1.94,967.7575
ASML,2024-04-15,985.42,988.72,951.1,954.82,1077502,-30.6,-3.11,970.015
ASML,2024-04-12,969.82,972.15,956.5,961.84,1031000,-7.98,-0.82283,965.0775
ASML,2024-04-11,981.55,992.19,963.33,992.18,964745,10.63,1.08,982.3125
ASML,2024-04-10,962.81,983.48,962.81,974.61,722837,11.8,1.23,970.9275
ASML,2024-04-09,993.74,1000.2,969.36,989.83,719600,-3.91,-0.39346,988.2825
ASML,2024-04-08,989.85,996.2,980.13,982.71,929000,-7.14,-0.72132,987.2225
ASML,2024-04-05,976.5,986.6,966.92,979.55,878362,3.05,0.31234,977.3925
ASML,2024-04-04,991.99,996.8,953.39,953.41,1269700,-38.58,-3.89,973.8975
ASML,2024-04-03,965.88,986.47,962.1,980.27,892100,14.39,1.49,973.68
ASML,2024-04-02,968.13,973.84,957.12,966.71,964241,-1.42,-0.14667,966.45
ASML,2024-04-01,979.76,1022.66,979.76,992.95,1108500,13.19,1.35,993.7825
ASML,2024-03-28,969.55,971.87,961.65,970.47,685856,0.92,0.09488938,968.385
ASML,2024-03-27,978.78,979.2,964.07,974.01,572349,-4.77,-0.48734,974.015
ASML,2024-03-26,986.74,989.39,970.83,971.3,706000,-15.44,-1.56,979.565
ASML,2024-03-25,979.13,992.28,976.46,978.93,860900,-0.2,-0.0204263,981.7
ASML,2024-03-22,973.71,991.08,972.57,979.96,692811,6.25,0.64187,979.33
ASML,2024-03-21,1005.01,1005.66,988.08,990.79,1112400,-14.22,-1.41,997.385
ASML,2024-03-20,956.07,974.3,946.89,970.92,838613,14.85,1.55,962.045
ASML,2024-03-19,938.54,956.59,928.0,951.91,817600,13.37,1.42,943.76
ASML,2024-03-18,949.36,958.21,939.75,941.34,821446,-8.02,-0.84478,947.165
ASML,2024-03-15,954.78,954.78,931.79,940.21,1727397,-14.57,-1.53,945.39
ASML,2024-03-14,968.59,971.47,950.56,959.78,876600,-8.81,-0.90957,962.6
ASML,2024-03-13,983.16,983.16,959.06,968.78,851105,-14.38,-1.46,973.54
ASML,2024-03-12,966.8,984.99,950.48,984.29,1165200,17.49,1.81,971.64
ASML,2024-03-11,979.5,981.03,957.5,962.67,1432110,-16.83,-1.72,970.175
ASML,2024-03-08,1038.88,1040.21,993.23,994.33,1638526,-44.55,-4.29,1016.6625
ASML,2024-03-07,1015.67,1056.34,1014.82,1047.39,1580300,31.72,3.12,1033.555
ASML,2024-03-06,986.94,1009.63,981.47,1003.93,1304500,16.99,1.72,995.4925
ASML,2024-03-05,989.71,992.04,958.69,968.84,1259548,-20.87,-2.11,977.32
ASML,2024-03-04,992.6,1007.68,987.75,998.04,1433000,5.44,0.54806,996.5175
ASML,2024-03-01,951.58,991.45,950.27,990.94,1698220,39.37,4.14,971.06
ASML,2024-02-29,939.5,952.45,938.42,951.68,777600,12.18,1.3,945.5125
ASML,2024-02-28,939.04,943.5,935.1,939.5,519732,0.46,0.0489862,939.285
ASML,2024-02-27,953.0,957.76,940.36,941.37,807706,-11.63,-1.22,948.1225
ASML,2024-02-26,941.51,951.72,936.2,947.59,671300,6.08,0.64577,944.255
ASML,2024-02-23,952.28,954.56,932.79,933.25,879000,-19.03,-2.0,943.22
ASML,2024-02-22,946.92,959.46,941.2,951.85,1780845,4.93,0.52064,949.8575
ASML,2024-02-21,897.45,908.67,892.63,908.21,870746,10.76,1.2,901.74
ASML,2024-02-20,918.6,919.98,898.51,909.57,1044138,-9.03,-0.98302,911.665
ASML,2024-02-16,932.73,948.52,925.73,928.94,1161340,-3.79,-0.40633,933.98
ASML,2024-02-15,929.08,934.75,919.34,929.84,884300,0.76,0.08180135,928.2525
ASML,2024-02-14,914.78,925.75,913.4,924.44,1206429,9.66,1.06,919.5925
ASML,2024-02-13,890.85,915.89,889.01,903.32,1297216,12.47,1.4,899.7675
ASML,2024-02-12,939.66,946.48,927.35,929.21,1033600,-10.45,-1.11,935.675
ASML,2024-02-09,936.69,954.32,931.71,949.6,1588800,12.91,1.38,943.08
ASML,2024-02-08,917.59,927.73,910.91,922.94,1150985,5.35,0.58305,919.7925
ASML,2024-02-07,905.29,927.79,905.06,922.23,1492200,16.94,1.87,915.0925
ASML,2024-02-06,898.8,905.76,890.85,904.89,1409500,6.09,0.67757,900.075
ASML,2024-02-05,885.6,901.92,881.1,898.54,950108,12.94,1.46,891.79
ASML,2024-02-02,879.24,893.05,879.09,890.66,896464,11.42,1.3,885.51
ASML,2024-02-01,882.32,893.78,876.66,890.54,1040200,8.22,0.93163,885.825
ASML,2024-01-31,861.22,884.0,859.46,869.82,1251446,8.6,0.99858,868.625
ASML,2024-01-30,874.05,877.73,862.61,868.03,895609,-6.02,-0.68875,870.605
ASML,2024-01-29,867.58,883.42,865.2,882.62,1034546,15.04,1.73,874.705
ASML,2024-01-26,863.55,873.2,853.21,867.75,1614811,4.2,0.48636,864.4275
ASML,2024-01-25,869.0,883.28,862.99,869.08,3449540,0.08,0.00920598,871.0875
ASML,2024-01-24,826.86,864.59,826.5,847.31,7754300,20.45,2.47,841.315
ASML,2024-01-23,766.05,778.67,762.54,778.39,1800700,12.34,1.61,771.4125
ASML,2024-01-22,766.4,776.53,765.53,766.68,1418602,0.28,0.03653445,768.785
ASML,2024-01-19,748.5,759.47,744.78,757.83,1796062,9.33,1.25,752.645
ASML,2024-01-18,724.68,748.27,724.68,744.53,2230440,19.85,2.74,735.54
ASML,2024-01-17,705.95,713.17,696.08,712.27,835100,6.32,0.89525,706.8675
ASML,2024-01-16,707.99,711.3,702.5,706.5,913100,-1.49,-0.21045,707.0725
ASML,2024-01-12,712.61,715.55,709.62,713.22,580513,0.61,0.08560082,712.75
ASML,2024-01-11,720.49,724.19,708.63,718.53,603971,-1.96,-0.27204,717.96
ASML,2024-01-10,716.47,720.0,708.04,717.79,506404,1.32,0.18424,715.575
ASML,2024-01-09,710.67,719.07,710.67,715.95,587084,5.28,0.74296,714.09
ASML,2024-01-08,712.65,720.84,711.91,720.84,835357,8.19,1.15,716.56
ASML,2024-01-05,700.76,709.79,699.6,703.34,579264,2.58,0.36817,703.3725
ASML,2024-01-04,698.0,709.51,697.51,700.29,752138,2.29,0.32808,701.3275
ASML,2024-01-03,700.6,706.64,699.6,703.37,952098,2.77,0.39538,702.5525
ASML,2024-01-02,730.0,730.77,714.14,716.92,1368749,-13.08,-1.79,722.9575
ASML,2023-12-29,758.03,760.35,752.33,756.92,518006,-1.11,-0.14643,756.9075
ASML,2023-12-28,762.07,763.09,757.81,757.85,468000,-4.22,-0.55375,760.205
ASML,2023-12-27,760.82,764.48,758.35,764.03,487076,3.21,0.42191,761.92
ASML,2023-12-26,750.1,765.8,750.0,762.68,509242,12.58,1.68,757.145
ASML,2023-12-22,752.84,755.82,749.11,752.53,597364,-0.31,-0.04117741,752.575
ASML,2023-12-21,744.17,755.92,743.55,755.27,868434,11.1,1.49,749.7275
ASML,2023-12-20,739.6,749.86,729.61,729.61,1007641,-9.99,-1.35,737.17
ASML,2023-12-19,743.0,745.08,740.53,744.72,571110,1.72,0.23149,743.3325
ASML,2023-12-18,747.37,747.8,736.32,742.06,808900,-5.31,-0.71049,743.3875
ASML,2023-12-15,753.71,760.33,749.62,752.96,1507015,-0.75,-0.09950777,754.155
ASML,2023-12-14,744.3,755.99,744.3,753.71,1446600,9.41,1.26,749.575
ASML,2023-12-13,724.65,738.68,720.74,735.29,1037213,10.64,1.47,729.84
ASML,2023-12-12,714.92,720.98,711.31,720.56,880117,5.64,0.7889,716.9425
ASML,2023-12-11,704.72,713.49,702.6,710.24,1585000,5.52,0.78329,707.7625
ASML,2023-12-08,695.34,702.83,694.03,696.43,920784,1.09,0.15676,697.1575
ASML,2023-12-07,695.37,700.49,692.09,699.65,780804,4.28,0.6155,696.9
ASML,2023-12-06,699.43,703.27,691.22,692.08,657100,-7.34,-1.05,696.5
ASML,2023-12-05,690.32,697.43,687.93,694.53,610000,4.21,0.60986,692.5525
ASML,2023-12-04,686.74,690.72,679.12,690.32,748733,3.58,0.5213,686.725
ASML,2023-12-01,688.17,695.58,683.05,692.2,857676,4.03,0.58561,689.75
ASML,2023-11-30,683.11,684.33,676.38,683.76,753777,0.65,0.09515305,681.895
ASML,2023-11-29,686.51,693.11,684.67,687.61,795500,1.1,0.16023,687.975
ASML,2023-11-28,680.0,682.85,672.65,675.99,644544,-4.01,-0.58971,677.8725
ASML,2023-11-27,687.66,690.31,685.05,688.38,545500,0.72,0.1047,687.85
ASML,2023-11-24,690.07,692.04,687.9,691.18,352123,1.11,0.16085,690.2975
ASML,2023-11-22,689.47,694.05,683.91,684.8,523137,-4.67,-0.67733,688.0575
ASML,2023-11-21,693.87,694.58,679.92,684.42,705427,-9.45,-1.36,688.1975
ASML,2023-11-20,685.32,696.97,685.32,694.31,675094,8.99,1.31,690.48
ASML,2023-11-17,681.06,687.59,679.2,686.09,627685,5.03,0.73855,683.485
ASML,2023-11-16,676.71,684.58,675.0,680.87,854700,4.16,0.61474,679.29
ASML,2023-11-15,680.28,682.2,675.01,678.0,918711,-2.28,-0.33516,678.8725
ASML,2023-11-14,674.65,678.49,669.5,675.41,1166800,0.76,0.11265,674.5125
ASML,2023-11-13,654.14,657.75,648.27,654.6,641200,0.46,0.07032134,653.69
ASML,2023-11-10,644.46,663.22,640.79,661.28,1247006,16.82,2.61,652.4375
ASML,2023-11-09,646.39,649.38,633.85,634.26,1221623,-12.13,-1.88,640.97
ASML,2023-11-08,639.55,642.66,637.15,639.29,727000,-0.26,-0.04065358,639.6625
ASML,2023-11-07,633.82,641.39,633.53,636.31,529070,2.49,0.39286,636.2625
ASML,2023-11-06,636.88,638.8,631.17,637.44,651300,0.56,0.08792865,636.0725
ASML,2023-11-03,643.1,647.0,638.9,642.41,907022,-0.69,-0.10729,642.8525
ASML,2023-11-02,636.97,637.49,627.09,631.39,1527442,-5.58,-0.87602,633.235
ASML,2023-11-01,599.67,608.8,596.78,608.27,1005847,8.6,1.43,603.38
ASML,2023-10-31,599.65,602.13,593.56,598.81,1020360,-0.84,-0.14008,598.5375
ASML,2023-10-30,592.77,594.45,582.48,588.88,746700,-3.89,-0.65624,589.645
ASML,2023-10-27,594.87,595.97,587.33,590.0,819484,-4.87,-0.81867,592.0425
ASML,2023-10-26,593.1,599.0,585.57,588.2,1093000,-4.9,-0.82617,591.4675
ASML,2023-10-25,597.45,598.19,581.57,583.34,1322700,-14.11,-2.36,590.1375
ASML,2023-10-24,590.62,602.76,589.63,600.75,1333900,10.13,1.72,595.94
ASML,2023-10-23,577.61,593.51,573.86,587.79,905100,10.18,1.76,583.1925
ASML,2023-10-20,588.95,592.29,578.3,580.1,1035123,-8.85,-1.5,584.91
ASML,2023-10-19,600.44,604.54,584.86,587.73,1475528,-12.71,-2.12,594.3925
ASML,2023-10-18,581.78,591.79,573.86,583.25,2401708,1.48,0.25267,582.67
ASML,2023-10-17,590.89,610.35,586.94,608.63,1535709,17.74,3.0,599.2025
ASML,2023-10-16,601.04,606.05,598.0,603.8,1154101,2.76,0.4592,602.2225
ASML,2023-10-13,611.34,612.2,597.34,599.75,1098593,-11.59,-1.9,605.1575
ASML,2023-10-12,609.64,624.19,609.64,616.76,1618423,7.12,1.17,615.0575
ASML,2023-10-11,601.35,606.19,598.0,606.19,981800,4.84,0.80486,602.9325
ASML,2023-10-10,600.18,606.8,598.35,602.15,1087000,1.97,0.32823,601.87
ASML,2023-10-09,587.65,591.71,582.41,591.37,738536,3.72,0.63303,588.285
ASML,2023-10-06,583.79,600.49,577.6,597.36,1042234,13.57,2.32,589.81
ASML,2023-10-05,583.7,586.6,575.4,581.69,865500,-2.01,-0.34435,581.8475
ASML,2023-10-04,584.17,591.84,580.46,590.86,1325900,6.69,1.15,586.8325
ASML,2023-10-03,574.95,579.68,567.57,570.6,1101300,-4.35,-0.75659,573.2
ASML,2023-10-02,583.36,587.62,576.35,582.18,811480,-1.18,-0.20228,582.3775
ASML,2023-09-29,600.43,600.86,586.76,588.66,1017496,-11.77,-1.96,594.1775
ASML,2023-09-28,566.23,588.3,564.0,580.65,1112500,14.42,2.55,574.795
ASML,2023-09-27,578.0,582.18,564.28,574.53,1477600,-3.47,-0.60035,574.7475
ASML,2023-09-26,576.4,578.77,567.92,572.71,1471035,-3.69,-0.64018,573.95
ASML,2023-09-25,583.63,587.99,580.53,586.13,607302,2.5,0.42835,584.57
ASML,2023-09-22,593.88,594.77,586.04,587.1,837536,-6.78,-1.14,590.4475
ASML,2023-09-21,586.99,590.98,582.12,582.12,1313800,-4.87,-0.82966,585.5525
ASML,2023-09-20,595.62,600.83,589.75,589.88,1095461,-5.74,-0.9637,594.02
ASML,2023-09-19,596.04,598.15,589.13,593.77,893597,-2.27,-0.38085,594.2725
ASML,2023-09-18,588.18,598.36,588.01,597.73,1071711,9.55,1.62,593.07
ASML,2023-09-15,602.62,605.23,594.02,596.66,2841373,-5.96,-0.98901,599.6325
ASML,2023-09-14,620.81,624.8,615.36,621.9,1237000,1.09,0.17558,620.7175
ASML,2023-09-13,614.37,619.96,613.81,617.05,1077000,2.68,0.43622,616.2975
ASML,2023-09-12,611.0,622.99,610.2,618.8,1311339,7.8,1.28,615.7475
ASML,2023-09-11,630.83,631.53,618.38,627.71,1066319,-3.12,-0.49459,627.1125
ASML,2023-09-08,628.37,633.02,625.22,627.86,873500,-0.51,-0.08116237,628.6175
ASML,2023-09-07,637.63,639.67,628.86,637.79,1236200,0.16,0.02509292,635.9875
ASML,2023-09-06,666.15,669.79,657.08,666.04,870805,-0.11,-0.0165128,664.765
ASML,2023-09-05,665.13,667.43,661.17,663.56,592227,-1.57,-0.23604,664.3225
ASML,2023-09-01,674.0,674.54,657.5,662.52,592889,-11.48,-1.7,667.14
ASML,2023-08-31,660.0,669.32,656.62,660.53,1100100,0.53,0.08030303,661.6175
ASML,2023-08-30,667.39,671.22,663.53,669.56,564113,2.17,0.32515,667.925
ASML,2023-08-29,652.5,668.54,652.36,667.51,757934,15.01,2.3,660.2275
ASML,2023-08-28,657.06,659.81,652.49,658.99,535943,1.93,0.29373,657.0875
ASML,2023-08-25,643.68,652.89,635.87,651.01,986326,7.33,1.14,645.8625
ASML,2023-08-24,678.01,678.17,646.87,647.82,1336817,-30.19,-4.45,662.7175
ASML,2023-08-23,668.24,680.95,666.52,677.12,908104,8.88,1.33,673.2075
ASML,2023-08-22,679.22,680.53,663.71,667.52,760393,-11.7,-1.72,672.745
ASML,2023-08-21,653.86,664.64,649.91,662.52,1104303,8.66,1.32,657.7325
ASML,2023-08-18,645.02,658.33,642.95,655.33,937622,10.31,1.6,650.4075
ASML,2023-08-17,655.74,655.77,642.88,644.34,797145,-11.4,-1.74,649.6825
ASML,2023-08-16,655.59,658.99,646.28,646.44,665300,-9.15,-1.4,651.825
ASML,2023-08-15,657.9,658.87,650.75,651.7,633315,-6.2,-0.94239,654.805
ASML,2023-08-14,652.95,666.74,648.71,666.55,957439,13.6,2.08,658.7375
ASML,2023-08-11,666.8,670.01,661.27,661.78,806033,-5.02,-0.75285,664.965
ASML,2023-08-10,688.19,695.32,676.12,677.81,913936,-10.38,-1.51,684.36
ASML,2023-08-09,679.75,683.99,670.64,672.49,685209,-7.26,-1.07,676.7175
ASML,2023-08-08,675.31,680.7,670.46,679.37,746700,4.06,0.60121,676.46
ASML,2023-08-07,690.44,693.43,684.42,693.42,663546,2.98,0.43161,690.4275
ASML,2023-08-04,685.35,689.15,675.25,678.04,891904,-7.31,-1.07,681.9475
ASML,2023-08-03,673.8,682.85,672.73,681.01,920641,7.21,1.07,677.5975
ASML,2023-08-02,695.6,695.94,682.08,683.06,1026333,-12.54,-1.8,689.17
ASML,2023-08-01,711.45,712.5,705.54,708.71,556132,-2.74,-0.38513,709.55
ASML,2023-07-31,721.29,722.71,712.19,716.41,789344,-4.88,-0.67657,718.15
ASML,2023-07-28,714.43,721.5,709.69,718.37,950074,3.94,0.55149,715.9975
ASML,2023-07-27,714.94,720.42,703.57,708.12,1488800,-6.82,-0.95393,711.7625
ASML,2023-07-26,679.93,690.17,677.44,684.3,752200,4.37,0.64271,682.96
ASML,2023-07-25,684.92,695.32,684.91,687.3,1061900,2.38,0.34749,688.1125
ASML,2023-07-24,685.0,688.75,680.85,684.48,1145762,-0.52,-0.07591241,684.77
ASML,2023-07-21,695.31,697.86,689.27,693.36,2524143,-1.95,-0.28045,693.95
ASML,2023-07-20,697.0,697.81,673.34,676.13,2918817,-20.87,-2.99,686.07
ASML,2023-07-19,739.2,742.83,713.13,715.78,2406200,-23.42,-3.17,727.735
ASML,2023-07-18,748.8,760.0,742.45,757.03,1222000,8.23,1.1,752.07
ASML,2023-07-17,744.5,756.92,735.48,754.49,1356686,9.99,1.34,747.8475
ASML,2023-07-14,760.65,771.98,751.97,754.02,1843906,-6.63,-0.87162,759.655
ASML,2023-07-13,741.17,751.5,740.2,750.74,1209126,9.57,1.29,745.9025
ASML,2023-07-12,729.52,730.5,722.23,724.86,1311700,-4.66,-0.63878,726.7775
ASML,2023-07-11,708.92,709.78,695.69,705.0,623362,-3.92,-0.55295,704.8475
ASML,2023-07-10,703.71,712.83,703.43,709.83,930948,6.12,0.86968,707.45
ASML,2023-07-07,697.9,705.74,693.66,696.74,1352009,-1.16,-0.16621,698.51
ASML,2023-07-06,701.73,703.68,693.23,699.31,1219055,-2.42,-0.34486,699.4875
ASML,2023-07-05,721.2,722.61,714.44,715.67,955904,-5.53,-0.76678,718.48
ASML,2023-07-03,733.99,737.17,726.15,733.88,531926,-0.11,-0.01498658,732.7975
ASML,2023-06-30,722.53,727.45,715.66,724.75,963683,2.22,0.30725,722.5975
ASML,2023-06-29,727.62,729.38,721.59,723.35,768106,-4.27,-0.58684,725.485
ASML,2023-06-28,719.43,730.0,717.32,724.19,866400,4.76,0.66163,722.735
ASML,2023-06-27,706.9,726.66,704.52,725.08,1115827,18.18,2.57,715.79
ASML,2023-06-26,703.08,714.12,700.23,700.24,714236,-2.84,-0.40394,704.4175
ASML,2023-06-23,698.1,701.63,695.92,697.89,916915,-0.21,-0.03008165,698.385
ASML,2023-06-22,701.98,717.75,700.35,717.41,699946,15.43,2.2,709.3725
ASML,2023-06-21,718.62,719.55,704.86,707.3,820333,-11.32,-1.58,712.5825
ASML,2023-06-20,720.62,724.74,710.58,720.41,799845,-0.21,-0.02914157,719.0875
ASML,2023-06-16,731.4,733.16,720.0,721.88,1337386,-9.52,-1.3,726.61
ASML,2023-06-15,723.27,744.44,722.32,738.69,820496,15.42,2.13,732.18
ASML,2023-06-14,735.41,741.72,728.16,740.21,821480,4.8,0.6527,736.375
ASML,2023-06-13,737.22,739.4,723.8,737.27,876117,0.05,0.00678224,734.4225
ASML,2023-06-12,721.99,730.77,720.0,730.17,1059629,8.18,1.13,725.7325
ASML,2023-06-09,720.56,725.61,712.61,715.86,864810,-4.7,-0.65227,718.66
ASML,2023-06-08,711.1,720.42,708.37,720.05,763385,8.95,1.26,714.985
ASML,2023-06-07,713.36,720.15,705.57,710.21,921363,-3.15,-0.44157,712.3225
ASML,2023-06-06,707.75,717.64,702.95,716.63,845400,8.88,1.25,711.2425
ASML,2023-06-05,724.64,726.63,718.4,722.2,663700,-2.44,-0.33672,722.9675
ASML,2023-06-02,730.0,732.55,719.76,724.65,813874,-5.35,-0.73288,726.74
ASML,2023-06-01,724.2,732.72,718.55,726.77,992226,2.57,0.35487,725.56
ASML,2023-05-31,727.07,730.04,713.28,722.93,1347615,-4.14,-0.56941,723.33
ASML,2023-05-30,743.13,747.13,725.55,728.26,1411133,-14.87,-2.0,736.0175
ASML,2023-05-26,716.65,742.31,715.64,735.93,2349129,19.28,2.69,727.6325
ASML,2023-05-25,701.02,710.99,693.76,708.48,1929808,7.46,1.06,703.5625
ASML,2023-05-24,668.06,670.84,661.18,666.79,1159300,-1.27,-0.1901,666.7175
ASML,2023-05-23,690.85,693.38,678.86,681.45,958820,-9.4,-1.36,686.135
ASML,2023-05-22,690.86,699.6,688.83,698.64,856004,7.78,1.13,694.4825
ASML,2023-05-19,698.0,699.87,693.84,694.0,949713,-4.0,-0.57307,696.4275
ASML,2023-05-18,675.27,697.25,675.07,695.93,1459000,20.66,3.06,685.88
ASML,2023-05-17,656.99,671.4,652.77,670.5,1162722,13.51,2.06,662.915
ASML,2023-05-16,652.78,657.87,651.58,652.05,710054,-0.73,-0.11183,653.57
ASML,2023-05-15,646.88,655.7,644.88,655.69,893445,8.81,1.36,650.7875
ASML,2023-05-12,649.34,651.0,642.1,647.51,375389,-1.83,-0.28182,647.4875
ASML,2023-05-11,650.78,652.28,645.15,650.19,560670,-0.59,-0.09066044,649.6
ASML,2023-05-10,654.38,660.4,651.9,657.14,813707,2.76,0.42177,655.955
ASML,2023-05-09,640.5,643.87,638.28,643.05,746124,2.55,0.39813,641.425
ASML,2023-05-08,651.75,655.0,649.21,654.99,518976,3.24,0.49712,652.7375
ASML,2023-05-05,636.68,654.22,633.9,650.32,801536,13.64,2.14,643.78
ASML,2023-05-04,632.13,639.34,629.85,635.05,614042,2.92,0.46193,634.0925
ASML,2023-05-03,633.94,644.65,630.72,634.74,582900,0.8,0.12619,636.0125
ASML,2023-05-02,632.87,637.52,628.53,634.05,738100,1.18,0.18645,633.2425
ASML,2023-05-01,635.0,639.21,634.03,635.2,469549,0.2,0.03149606,635.86
ASML,2023-04-28,630.86,637.34,626.52,636.86,823066,6.0,0.95108,632.895
ASML,2023-04-27,621.76,631.3,612.77,629.24,1127000,7.48,1.2,623.7675
ASML,2023-04-26,613.72,615.13,606.17,609.1,844220,-4.62,-0.75279,611.03
ASML,2023-04-25,626.47,626.47,605.76,605.76,1404900,-20.71,-3.31,616.115
ASML,2023-04-24,640.83,641.31,626.93,627.38,1431400,-13.45,-2.1,634.1125
ASML,2023-04-21,635.51,637.14,627.8,634.47,982051,-1.04,-0.16365,633.73
ASML,2023-04-20,625.36,639.88,625.36,633.57,1692932,8.21,1.31,631.0425
ASML,2023-04-19,624.76,627.95,616.88,623.6,2266100,-1.16,-0.18567,623.2975
ASML,2023-04-18,644.69,648.27,636.76,643.33,910300,-1.36,-0.21095,643.2625
ASML,2023-04-17,638.74,642.1,632.28,639.04,1536533,0.3,0.04696747,638.04
ASML,2023-04-14,665.41,672.64,659.37,666.2,645933,0.79,0.11872,665.905
ASML,2023-04-13,662.33,670.88,659.85,665.41,1118638,3.08,0.46502,664.6175
ASML,2023-04-12,669.01,672.0,653.69,654.66,897300,-14.35,-2.14,662.34
ASML,2023-04-11,669.51,672.74,658.97,659.77,787448,-9.74,-1.45,665.2475
ASML,2023-04-10,649.93,661.99,645.49,661.64,688700,11.71,1.8,654.7625
ASML,2023-04-06,658.3,665.2,655.32,657.12,679600,-1.18,-0.17925,658.985
ASML,2023-04-05,663.66,664.78,657.31,663.9,850433,0.24,0.0361631,662.4125
ASML,2023-04-04,675.88,681.6,666.06,668.68,877943,-7.2,-1.07,673.055
ASML,2023-04-03,674.8,675.74,667.39,673.99,657225,-0.81,-0.12004,672.98
ASML,2023-03-31,675.09,683.18,673.63,680.71,681621,5.62,0.83248,678.1525
ASML,2023-03-30,675.2,680.63,673.51,676.68,892500,1.48,0.21919,676.505
ASML,2023-03-29,649.57,665.17,648.47,659.12,1101800,9.55,1.47,655.5825
ASML,2023-03-28,644.1,644.62,632.38,639.71,793445,-4.39,-0.68157,640.2025
ASML,2023-03-27,655.37,657.48,643.05,644.05,800543,-11.32,-1.73,649.9875
ASML,2023-03-24,656.06,658.95,639.75,647.53,842922,-8.52,-1.3,650.5725
ASML,2023-03-23,657.74,673.94,654.94,664.16,1171500,6.42,0.97607,662.695
ASML,2023-03-22,643.0,661.4,639.54,640.37,955500,-2.63,-0.40902,646.0775
ASML,2023-03-21,651.71,655.83,635.2,642.13,848736,-9.58,-1.47,646.2175
ASML,2023-03-20,646.3,648.33,639.1,646.33,935600,0.03,0.00464181,645.015
ASML,2023-03-17,633.71,638.4,626.81,633.69,1109300,-0.02,-0.00315602,633.1525
ASML,2023-03-16,600.75,631.02,598.99,630.56,1063789,29.81,4.96,615.33
ASML,2023-03-15,600.72,609.09,596.61,606.69,1047244,5.97,0.99381,603.2775
ASML,2023-03-14,617.49,620.45,611.28,620.3,844600,2.81,0.45507,617.38
ASML,2023-03-13,593.12,612.97,589.89,604.78,967134,11.66,1.97,600.19
ASML,2023-03-10,614.1,617.35,599.43,601.21,1043598,-12.89,-2.1,608.0225
ASML,2023-03-09,617.07,623.89,604.56,604.74,983800,-12.33,-2.0,612.565
ASML,2023-03-08,611.8,620.55,609.03,619.4,1081800,7.6,1.24,615.195
ASML,2023-03-07,619.35,621.74,605.3,609.11,1033002,-10.24,-1.65,613.875
ASML,2023-03-06,627.32,633.11,619.85,620.97,1403001,-6.35,-1.01,625.3125
ASML,2023-03-03,625.35,637.67,621.77,637.38,1024304,12.03,1.92,630.5425
ASML,2023-03-02,606.32,625.09,603.23,624.17,796377,17.85,2.94,614.7025
ASML,2023-03-01,621.07,623.12,611.96,614.95,794300,-6.12,-0.9854,617.775
ASML,2023-02-28,612.45,625.25,610.14,617.73,1381716,5.28,0.86211,616.3925
ASML,2023-02-27,631.41,639.37,626.26,632.08,804637,0.67,0.10611,632.28
ASML,2023-02-24,619.43,624.67,612.72,618.38,995900,-1.05,-0.16951,618.8
ASML,2023-02-23,642.13,642.88,626.68,638.09,1093010,-4.04,-0.62916,637.445
ASML,2023-02-22,632.56,635.4,620.43,624.21,1017324,-8.35,-1.32,628.15
ASML,2023-02-21,638.01,643.94,629.53,629.78,1022709,-8.23,-1.29,635.315
ASML,2023-02-17,650.75,658.0,647.39,651.93,1149817,1.18,0.18133,652.0175
ASML,2023-02-16,658.7,668.2,655.45,656.28,946300,-2.42,-0.36739,659.6575
ASML,2023-02-15,661.82,677.48,661.0,676.81,684204,14.99,2.26,669.2775
ASML,2023-02-14,661.71,680.98,657.21,677.48,1013442,15.77,2.38,669.345
ASML,2023-02-13,659.13,673.02,657.32,668.74,596038,9.61,1.46,664.5525
ASML,2023-02-10,653.09,657.17,648.64,656.35,731822,3.26,0.49917,653.8125
ASML,2023-02-09,673.12,682.28,662.02,664.13,686509,-8.99,-1.34,670.3875
ASML,2023-02-08,671.47,674.89,661.36,662.79,764130,-8.68,-1.29,667.6275
ASML,2023-02-07,659.24,683.69,659.24,678.72,1236130,19.48,2.95,670.2225
ASML,2023-02-06,665.92,669.34,659.49,661.97,783292,-3.95,-0.59316,664.18
ASML,2023-02-03,678.45,693.38,677.93,679.62,1015824,1.17,0.17245,682.345
ASML,2023-02-02,696.9,698.59,684.95,696.55,1318600,-0.35,-0.05022241,694.2475
ASML,2023-02-01,659.53,685.09,655.89,678.53,1274210,19.0,2.88,669.76
ASML,2023-01-31,651.22,660.86,647.3,660.84,801830,9.62,1.48,655.055
ASML,2023-01-30,650.0,658.24,647.62,650.31,1209934,0.31,0.04769231,651.5425
ASML,2023-01-27,667.2,678.12,666.68,667.39,1249700,0.19,0.02847722,669.8475
ASML,2023-01-26,681.9,684.94,667.82,683.9,1593320,2.0,0.2933,679.64
ASML,2023-01-25,656.96,683.02,655.02,681.53,1569200,24.57,3.74,669.1325
ASML,2023-01-24,666.72,673.04,659.92,670.01,1066929,3.29,0.49346,667.4225
ASML,2023-01-23,658.05,676.28,656.85,676.03,1780900,17.98,2.73,666.8025
ASML,2023-01-20,638.09,650.6,634.2,648.85,1033429,10.76,1.69,642.935
ASML,2023-01-19,654.61,655.68,627.02,630.25,1534100,-24.36,-3.72,641.89
ASML,2023-01-18,673.52,676.11,651.54,652.29,1152730,-21.23,-3.15,663.365
ASML,2023-01-17,651.1,662.98,651.1,658.19,902621,7.09,1.09,655.8425
ASML,2023-01-13,649.33,660.74,648.73,659.69,649700,10.36,1.6,654.6225
ASML,2023-01-12,651.44,656.29,634.84,652.56,1322200,1.12,0.17193,648.7825
ASML,2023-01-11,635.55,645.14,633.3,644.68,806541,9.13,1.44,639.6675
ASML,2023-01-10,622.63,633.78,621.61,633.39,873900,10.76,1.73,627.8525
ASML,2023-01-09,613.99,632.39,612.8,621.33,1348800,7.34,1.2,620.1275
ASML,2023-01-06,575.33,598.68,567.28,595.85,1025980,20.52,3.57,584.285
ASML,2023-01-05,565.38,573.55,562.55,565.32,710977,-0.06,-0.01061233,566.7
ASML,2023-01-04,570.8,575.51,561.06,570.83,1087337,0.03,0.00525578,569.55
ASML,2023-01-03,561.28,564.15,545.77,549.57,675329,-11.71,-2.09,555.1925
ASML,2022-12-30,540.86,546.48,536.77,546.4,703202,5.54,1.02,542.6275
ASML,2022-12-29,541.2,555.37,540.15,551.47,841000,10.27,1.9,547.0475
ASML,2022-12-28,536.7,541.8,529.01,531.64,609900,-5.06,-0.9428,534.7875
ASML,2022-12-27,546.05,546.5,536.51,537.18,802600,-8.87,-1.62,541.56
ASML,2022-12-23,546.87,552.07,542.53,551.37,602760,4.5,0.82286,548.21
ASML,2022-12-22,571.05,571.05,546.8,555.95,1352175,-15.1,-2.64,561.2125
ASML,2022-12-21,569.06,583.96,567.3,580.96,797740,11.9,2.09,575.32
ASML,2022-12-20,562.24,568.96,561.15,563.16,845742,0.92,0.16363,563.8775
ASML,2022-12-19,574.05,575.85,562.67,568.61,906800,-5.44,-0.94765,570.295
ASML,2022-12-16,577.26,585.75,565.74,574.32,2097300,-2.94,-0.5093,575.7675
ASML,2022-12-15,603.0,604.8,584.26,586.34,1422357,-16.66,-2.76,594.6
ASML,2022-12-14,622.5,626.76,609.93,615.86,1167500,-6.64,-1.07,618.7625
ASML,2022-12-13,642.98,643.36,617.57,628.27,1334042,-14.71,-2.29,633.045
ASML,2022-12-12,596.87,610.0,595.8,609.99,819600,13.12,2.2,603.165
ASML,2022-12-09,602.99,611.17,596.4,597.7,870700,-5.29,-0.87729,602.065
ASML,2022-12-08,591.88,609.46,587.66,606.89,1019310,15.01,2.54,598.9725
ASML,2022-12-07,592.21,604.0,590.69,601.35,878632,9.14,1.54,597.0625
ASML,2022-12-06,603.5,604.45,586.82,593.05,839200,-10.45,-1.73,596.955
ASML,2022-12-05,605.1,607.16,593.38,600.79,873922,-4.31,-0.71228,601.6075
ASML,2022-12-02,600.3,607.45,597.0,605.71,719800,5.41,0.90122,602.615
ASML,2022-12-01,611.71,616.56,601.36,611.26,1245926,-0.45,-0.07356427,610.2225
ASML,2022-11-30,585.3,608.41,576.94,608.12,1569707,22.82,3.9,594.6925
ASML,2022-11-29,584.09,587.0,576.77,578.82,562921,-5.27,-0.90226,581.67
ASML,2022-11-28,593.78,598.13,580.42,583.34,1056628,-10.43,-1.76,588.9175
ASML,2022-11-25,596.93,597.9,591.84,591.84,408900,-5.09,-0.8527,594.6275
ASML,2022-11-23,595.18,610.0,595.18,603.85,874969,8.67,1.46,601.0525
ASML,2022-11-22,581.72,596.53,574.23,596.21,1082400,14.49,2.49,587.1725
ASML,2022-11-21,581.2,583.79,575.1,580.29,849800,-0.91,-0.15657,580.095
ASML,2022-11-18,599.62,599.93,584.8,593.16,1115574,-6.46,-1.08,594.3775
ASML,2022-11-17,568.96,590.45,568.95,589.03,919492,20.07,3.53,579.3475
ASML,2022-11-16,583.52,583.95,573.8,576.7,1418900,-6.82,-1.17,579.4925
ASML,2022-11-15,606.75,608.32,586.54,597.47,1669434,-9.28,-1.53,599.77
ASML,2022-11-14,574.78,590.3,573.88,577.82,1806448,3.04,0.5289,579.195
ASML,2022-11-11,560.78,578.62,558.49,576.44,1982801,15.66,2.79,568.5825
ASML,2022-11-10,531.5,561.82,520.36,560.79,3518000,29.29,5.51,543.6175
ASML,2022-11-09,494.51,504.22,488.91,489.46,1302642,-5.05,-1.02,494.275
ASML,2022-11-08,498.25,505.99,491.06,503.59,2316100,5.34,1.07,499.7225
ASML,2022-11-07,474.83,485.44,469.61,483.39,1429441,8.56,1.8,478.3175
ASML,2022-11-04,462.35,469.61,454.33,468.76,1587800,6.41,1.39,463.7625
ASML,2022-11-03,440.8,446.76,437.12,439.92,1615727,-0.88,-0.19964,441.15
ASML,2022-11-02,470.05,477.0,446.26,446.33,1892931,-23.72,-5.05,459.91
ASML,2022-11-01,483.38,483.67,472.86,475.38,760700,-8.0,-1.66,478.8225
ASML,2022-10-31,479.04,480.88,471.65,472.42,1063626,-6.62,-1.38,475.9975
ASML,2022-10-28,469.86,489.87,468.89,489.18,1436100,19.32,4.11,479.45
ASML,2022-10-27,482.1,489.6,473.99,474.41,1075721,-7.69,-1.6,480.025
ASML,2022-10-26,475.95,496.2,474.25,484.09,1880258,8.14,1.71,482.6225
ASML,2022-10-25,478.49,495.75,478.35,486.01,2047240,7.52,1.57,484.65
ASML,2022-10-24,470.43,476.09,459.6,472.97,2389300,2.54,0.53993,469.7725
ASML,2022-10-21,440.48,462.88,437.7,462.23,2756622,21.75,4.94,450.8225
ASML,2022-10-20,431.25,448.92,428.78,437.27,2090904,6.02,1.4,436.555
ASML,2022-10-19,415.89,431.85,410.39,424.02,2435200,8.13,1.95,420.5375
ASML,2022-10-18,407.38,409.17,393.19,398.99,1324800,-8.39,-2.06,402.1825
ASML,2022-10-17,394.46,399.6,388.83,392.22,1417900,-2.24,-0.56786,393.7775
ASML,2022-10-14,404.38,405.62,378.6,379.13,1728277,-25.25,-6.24,391.9325
ASML,2022-10-13,364.91,410.73,363.15,405.4,2782200,40.49,11.1,386.0475
ASML,2022-10-12,403.81,404.93,397.51,398.33,1277290,-5.48,-1.36,401.145
ASML,2022-10-11,412.53,412.65,394.01,399.56,2044221,-12.97,-3.14,404.6875
ASML,2022-10-10,433.91,434.07,416.36,421.89,1383703,-12.02,-2.77,426.5575
ASML,2022-10-07,446.5,448.72,432.74,434.26,1412443,-12.24,-2.74,440.555
ASML,2022-10-06,465.29,474.18,461.49,462.14,926100,-3.15,-0.677,465.775
ASML,2022-10-05,456.94,474.75,453.05,469.29,1193823,12.35,2.7,463.5075
ASML,2022-10-04,461.21,467.77,455.78,465.11,1954605,3.9,0.8456,462.4675
ASML,2022-10-03,423.6,435.51,421.02,431.68,1452400,8.08,1.91,427.9525
ASML,2022-09-30,414.0,428.05,413.95,415.35,1084927,1.35,0.32609,417.8375
ASML,2022-09-29,425.61,428.71,419.23,427.78,1141800,2.17,0.50986,425.3325
ASML,2022-09-28,426.14,443.42,423.17,441.23,957100,15.09,3.54,433.49
ASML,2022-09-27,438.85,442.51,426.5,433.29,876440,-5.56,-1.27,435.2875
ASML,2022-09-26,434.09,440.77,429.12,430.81,1164000,-3.28,-0.7556,433.6975
ASML,2022-09-23,433.6,436.94,427.35,436.14,1362330,2.54,0.58579,433.5075
ASML,2022-09-22,450.7,452.19,439.1,441.04,952914,-9.66,-2.14,445.7575
ASML,2022-09-21,461.55,476.17,454.86,454.92,783909,-6.63,-1.44,461.875
ASML,2022-09-20,458.95,466.53,457.36,461.96,906836,3.01,0.65584,461.2
ASML,2022-09-19,459.65,472.99,459.65,471.11,646680,11.46,2.49,465.85
ASML,2022-09-16,462.03,472.19,459.91,467.25,914232,5.22,1.13,465.345
ASML,2022-09-15,472.54,478.36,462.9,465.65,853500,-6.89,-1.46,469.8625
ASML,2022-09-14,476.97,481.53,471.1,478.1,663752,1.13,0.23691,476.925
ASML,2022-09-13,484.0,488.42,468.61,471.1,1188236,-12.9,-2.67,478.0325
ASML,2022-09-12,506.77,511.0,499.66,504.93,1041400,-1.84,-0.36308,505.59
ASML,2022-09-09,495.52,503.18,495.3,501.0,1013170,5.48,1.11,498.75
ASML,2022-09-08,465.45,483.39,464.17,482.75,943302,17.3,3.72,473.94
ASML,2022-09-07,468.89,480.97,465.6,476.68,745453,7.79,1.66,473.035
ASML,2022-09-06,469.36,477.89,462.3,469.92,996900,0.56,0.11931,469.8675
ASML,2022-09-02,479.86,486.9,466.01,467.19,1145446,-12.67,-2.64,474.99
ASML,2022-09-01,477.92,479.02,460.89,469.92,1665500,-8.0,-1.67,471.9375
ASML,2022-08-31,500.85,501.58,486.7,489.94,936038,-10.91,-2.18,494.7675
ASML,2022-08-30,506.55,507.65,487.46,493.02,1006438,-13.53,-2.67,498.67
ASML,2022-08-29,506.32,511.35,499.4,499.88,754177,-6.44,-1.27,504.2375
ASML,2022-08-26,539.55,539.73,508.77,509.94,1229747,-29.61,-5.49,524.4975
ASML,2022-08-25,522.36,540.22,521.76,539.74,758470,17.38,3.33,531.02
ASML,2022-08-24,522.86,530.58,521.72,525.44,485202,2.58,0.49344,525.15
ASML,2022-08-23,520.0,529.35,519.46,525.75,592900,5.75,1.11,523.64
ASML,2022-08-22,529.29,530.85,518.61,520.07,795800,-9.22,-1.74,524.705
ASML,2022-08-19,557.19,558.85,544.43,545.26,794633,-11.93,-2.14,551.4325
ASML,2022-08-18,557.28,565.93,555.3,561.3,580681,4.02,0.72136,559.9525
ASML,2022-08-17,559.1,565.99,551.91,557.28,667733,-1.82,-0.32552,558.57
ASML,2022-08-16,566.4,572.34,559.01,566.68,697000,0.28,0.04943503,566.1075
ASML,2022-08-15,569.11,577.62,567.89,574.94,783140,5.83,1.02,572.39
ASML,2022-08-12,562.62,577.99,562.12,575.96,811600,13.34,2.37,569.6725
ASML,2022-08-11,565.74,574.36,561.12,562.41,833321,-3.33,-0.58861,565.9075
ASML,2022-08-10,558.72,566.09,550.47,566.05,1075197,7.33,1.31,560.3325
ASML,2022-08-09,551.1,552.3,533.74,541.11,1138610,-9.99,-1.81,544.5625
ASML,2022-08-08,578.0,582.56,564.99,572.75,700830,-5.25,-0.9083,574.575
ASML,2022-08-05,571.63,579.58,565.98,577.31,768062,5.68,0.99365,573.625
ASML,2022-08-04,583.17,592.75,581.1,588.46,680100,5.29,0.90711,586.37
ASML,2022-08-03,570.0,587.67,569.25,583.86,825927,13.86,2.43,577.695
ASML,2022-08-02,562.08,572.85,558.75,565.6,876642,3.52,0.62625,564.82
ASML,2022-08-01,573.24,583.05,568.94,578.15,895500,4.91,0.85653,575.845
ASML,2022-07-29,561.45,576.92,559.5,574.44,1210937,12.99,2.31,568.0775
ASML,2022-07-28,547.8,560.94,540.76,560.71,1216800,12.91,2.36,552.5525
ASML,2022-07-27,533.62,549.85,532.59,546.18,1111109,12.56,2.35,540.56
ASML,2022-07-26,528.05,529.64,518.54,524.17,1029500,-3.88,-0.73478,525.1
ASML,2022-07-25,535.42,543.67,532.12,538.97,1194647,3.55,0.66303,537.545
ASML,2022-07-22,542.41,546.85,529.23,534.26,1459900,-8.15,-1.5,538.1875
ASML,2022-07-21,530.0,543.24,524.6,542.27,2281900,12.27,2.32,535.0275
ASML,2022-07-20,492.9,516.76,490.6,514.42,2294900,21.52,4.37,503.67
ASML,2022-07-19,484.87,500.91,484.05,498.36,1415000,13.49,2.78,492.0475
ASML,2022-07-18,483.61,486.83,470.5,473.48,1039505,-10.13,-2.09,478.605
ASML,2022-07-15,465.39,475.78,460.51,475.63,1630500,10.24,2.2,469.3275
ASML,2022-07-14,442.2,458.88,434.55,456.9,1075900,14.7,3.32,448.1325
ASML,2022-07-13,430.48,451.94,429.3,447.01,1052532,16.53,3.84,439.6825
ASML,2022-07-12,440.57,444.45,431.88,434.49,848000,-6.08,-1.38,437.8475
ASML,2022-07-11,449.56,450.17,437.91,439.06,746539,-10.5,-2.34,444.175
ASML,2022-07-08,444.61,455.3,440.66,452.95,739100,8.34,1.88,448.38
ASML,2022-07-07,438.76,452.8,438.65,451.9,1400900,13.14,2.99,445.5275
ASML,2022-07-06,433.25,437.59,425.35,428.88,1464700,-4.37,-1.01,431.2675
ASML,2022-07-05,419.19,433.05,412.67,432.4,2779149,13.21,3.15,424.3275
ASML,2022-07-01,455.3,457.96,443.46,449.83,1570200,-5.47,-1.2,451.6375
ASML,2022-06-30,474.15,484.63,464.13,475.88,866400,1.73,0.36486,474.6975
ASML,2022-06-29,491.1,493.7,482.02,484.62,847449,-6.48,-1.32,487.86
ASML,2022-06-28,508.05,511.42,489.54,490.41,847231,-17.64,-3.47,499.855
ASML,2022-06-27,514.97,517.05,505.66,508.04,696539,-6.93,-1.35,511.43
ASML,2022-06-24,499.05,515.55,498.3,515.26,907822,16.21,3.25,507.04
ASML,2022-06-23,483.9,487.41,476.06,485.5,739198,1.6,0.33065,483.2175
ASML,2022-06-22,486.44,496.64,482.44,485.5,846889,-0.94,-0.19324,487.755
ASML,2022-06-21,488.98,497.84,488.47,494.35,1081416,5.37,1.1,492.41
ASML,2022-06-17,467.5,478.62,461.85,473.35,1328700,5.85,1.25,470.33
ASML,2022-06-16,479.76,484.05,465.5,468.15,1223100,-11.61,-2.42,474.365
ASML,2022-06-15,499.38,512.2,494.0,505.33,841700,5.95,1.19,502.7275
ASML,2022-06-14,493.79,498.62,484.45,491.17,965547,-2.62,-0.53059,492.0075
ASML,2022-06-13,498.05,502.5,491.62,493.58,1395134,-4.47,-0.8975,496.4375
ASML,2022-06-10,532.06,535.19,519.4,521.53,929163,-10.53,-1.98,527.045
ASML,2022-06-09,559.41,564.64,542.35,542.41,658671,-17.0,-3.04,552.2025
ASML,2022-06-08,573.6,577.95,562.52,567.44,605700,-6.16,-1.07,570.3775
ASML,2022-06-07,564.72,578.02,563.14,577.01,479043,12.29,2.18,570.7225
ASML,2022-06-06,579.61,583.46,569.43,571.69,483303,-7.92,-1.37,576.0475
ASML,2022-06-03,567.16,569.85,560.89,563.65,531000,-3.51,-0.61887,565.3875
ASML,2022-06-02,564.42,581.32,562.82,580.54,669300,16.12,2.86,572.275
ASML,2022-06-01,577.44,579.75,557.0,563.66,542293,-13.78,-2.39,569.4625
ASML,2022-05-31,584.59,584.81,572.85,576.29,822372,-8.3,-1.42,579.635
ASML,2022-05-27,572.63,583.86,572.1,583.38,844026,10.75,1.88,577.9925
ASML,2022-05-26,542.4,562.48,541.35,560.07,933800,17.67,3.26,551.575
ASML,2022-05-25,541.69,551.86,538.03,548.08,832605,6.39,1.18,544.915
ASML,2022-05-24,555.57,557.55,542.63,546.43,1085532,-9.14,-1.65,550.545
ASML,2022-05-23,549.24,557.82,545.72,554.61,977000,5.37,0.97771,551.8475
ASML,2022-05-20,541.44,542.39,514.17,532.84,1205709,-8.6,-1.59,532.71
ASML,2022-05-19,523.77,537.05,522.32,526.0,905500,2.23,0.42576,527.285
ASML,2022-05-18,547.18,552.83,526.87,528.3,1037900,-18.88,-3.45,538.795
ASML,2022-05-17,556.95,563.38,548.85,561.63,895821,4.68,0.84029,557.7025
ASML,2022-05-16,533.25,540.98,528.0,534.95,757800,1.7,0.3188,534.295
ASML,2022-05-13,540.56,551.29,538.21,548.32,946832,7.76,1.44,544.595
ASML,2022-05-12,514.7,529.05,509.55,522.36,1134832,7.66,1.49,518.915
ASML,2022-05-11,531.28,544.18,520.47,521.3,1302800,-9.98,-1.88,529.3075
ASML,2022-05-10,529.2,530.41,512.33,523.37,1232934,-5.83,-1.1,523.8275
ASML,2022-05-09,530.21,535.8,510.36,512.66,1714700,-17.55,-3.31,522.2575
ASML,2022-05-06,555.15,561.68,545.05,551.0,1214677,-4.15,-0.74755,553.22
ASML,2022-05-05,582.32,584.57,558.09,564.17,1231836,-18.15,-3.12,572.2875
ASML,2022-05-04,579.08,594.25,564.66,592.64,1112800,13.56,2.34,582.6575
ASML,2022-05-03,566.63,575.44,563.02,570.68,825313,4.05,0.71475,568.9425
ASML,2022-05-02,558.74,571.52,553.54,571.09,1146700,12.35,2.21,563.7225
ASML,2022-04-29,576.45,588.9,562.46,563.77,1225300,-12.68,-2.2,572.895
ASML,2022-04-28,574.95,595.46,564.6,590.54,1516807,15.59,2.71,581.3875
ASML,2022-04-27,552.09,567.38,544.0,556.88,1904400,4.79,0.86761,555.0875
ASML,2022-04-26,585.15,587.48,559.9,560.43,1803116,-24.72,-4.22,573.24
ASML,2022-04-25,592.73,600.39,583.67,599.82,2074708,7.09,1.2,594.1525
ASML,2022-04-22,615.08,620.87,607.47,607.61,1093400,-7.47,-1.21,612.7575
ASML,2022-04-21,645.06,648.81,617.74,619.98,940700,-25.08,-3.89,632.8975
ASML,2022-04-20,650.76,652.55,628.99,633.91,1857900,-16.85,-2.59,641.5525
ASML,2022-04-19,597.53,619.12,596.0,617.15,1230800,19.62,3.28,607.45
ASML,2022-04-18,597.05,613.86,595.77,605.58,576951,8.53,1.43,603.065
ASML,2022-04-14,614.52,616.51,596.0,597.87,814200,-16.65,-2.71,606.225
ASML,2022-04-13,601.41,617.21,596.42,612.76,934257,11.35,1.89,606.95
ASML,2022-04-12,613.07,622.5,592.0,594.0,1067900,-19.07,-3.11,605.3925
ASML,2022-04-11,607.04,610.63,597.13,597.74,859600,-9.3,-1.53,603.135
ASML,2022-04-08,621.42,622.41,610.0,610.93,840958,-10.49,-1.69,616.19
ASML,2022-04-07,624.53,632.1,612.78,625.3,713506,0.77,0.12329,623.6775
ASML,2022-04-06,626.09,639.31,617.4,628.51,1110700,2.42,0.38653,627.8275
ASML,2022-04-05,674.02,675.15,645.79,646.46,1251500,-27.56,-4.09,660.355
ASML,2022-04-04,672.49,681.54,669.99,680.83,731410,8.34,1.24,676.2125
ASML,2022-04-01,675.29,677.19,661.83,667.73,739406,-7.56,-1.12,670.51
ASML,2022-03-31,684.49,689.1,667.5,667.93,780922,-16.56,-2.42,677.255
ASML,2022-03-30,700.0,702.75,680.12,684.56,1031932,-15.44,-2.21,691.8575
ASML,2022-03-29,710.0,714.62,697.67,709.14,1076200,-0.86,-0.12113,707.8575
ASML,2022-03-28,680.11,695.0,676.0,694.83,687308,14.72,2.16,686.485
ASML,2022-03-25,690.46,690.75,672.3,687.36,775354,-3.1,-0.44898,685.2175
ASML,2022-03-24,666.2,690.55,663.2,690.54,1176700,24.34,3.65,677.6225
ASML,2022-03-23,668.8,679.37,663.61,665.36,999100,-3.44,-0.51435,669.285
ASML,2022-03-22,688.0,698.1,685.3,688.74,1111198,0.74,0.10756,690.035
ASML,2022-03-21,678.22,683.39,669.0,682.91,1293040,4.69,0.69152,678.38
ASML,2022-03-18,649.24,683.4,647.4,679.86,1689844,30.62,4.72,664.975
ASML,2022-03-17,643.13,656.4,639.47,654.1,854900,10.97,1.71,648.275
ASML,2022-03-16,621.44,651.0,617.15,650.63,1815200,29.19,4.7,635.055
ASML,2022-03-15,591.92,598.19,583.86,596.7,1542638,4.78,0.80754,592.6675
ASML,2022-03-14,599.55,601.5,577.31,577.55,1621700,-22.0,-3.67,588.9775
ASML,2022-03-11,614.0,615.0,584.88,585.85,819000,-28.15,-4.58,599.9325
ASML,2022-03-10,599.54,608.55,596.18,600.07,735546,0.53,0.08840111,601.085
ASML,2022-03-09,609.15,627.0,595.0,621.34,1593366,12.19,2.0,613.1225
ASML,2022-03-08,574.08,593.48,558.77,573.04,1441800,-1.04,-0.18116,574.8425
ASML,2022-03-07,617.39,620.61,573.75,574.34,1607234,-43.05,-6.97,596.5225
ASML,2022-03-04,603.7,609.42,581.63,594.32,2025752,-9.38,-1.55,597.2675
ASML,2022-03-03,652.02,653.7,627.19,630.79,1020212,-21.23,-3.26,640.925
ASML,2022-03-02,642.59,658.42,638.1,655.37,1035700,12.78,1.99,648.62
ASML,2022-03-01,660.21,665.1,627.58,634.21,1097339,-26.0,-3.94,646.775
ASML,2022-02-28,647.65,672.57,647.65,666.51,1979009,18.86,2.91,658.595
ASML,2022-02-25,656.91,667.14,650.0,667.12,1295521,10.21,1.55,660.2925
ASML,2022-02-24,600.29,658.86,599.68,656.84,2047800,56.55,9.42,628.9175
ASML,2022-02-23,651.08,654.45,631.01,631.73,997023,-19.35,-2.97,642.0675
ASML,2022-02-22,638.5,653.0,629.86,640.27,934000,1.77,0.27721,640.4075
ASML,2022-02-18,652.12,657.77,640.99,647.83,899509,-4.29,-0.65785,649.6775
ASML,2022-02-17,659.31,662.22,650.0,650.43,1020713,-8.88,-1.35,655.49
ASML,2022-02-16,651.0,666.0,644.67,663.86,610028,12.86,1.98,656.3825
ASML,2022-02-15,647.48,658.35,642.31,656.41,821707,8.93,1.38,651.1375
ASML,2022-02-14,626.15,634.95,620.0,627.91,890200,1.76,0.28108,627.2525
ASML,2022-02-11,657.54,660.32,625.25,628.24,1116300,-29.3,-4.46,642.8375
ASML,2022-02-10,654.59,677.62,653.0,656.88,961205,2.29,0.34984,660.5225
ASML,2022-02-09,670.79,682.23,663.88,680.37,842000,9.58,1.43,674.3175
ASML,2022-02-08,636.85,655.36,635.6,653.47,745527,16.62,2.61,645.32
ASML,2022-02-07,654.15,661.41,648.55,650.03,520316,-4.12,-0.62982,653.535
ASML,2022-02-04,648.05,661.21,643.3,652.81,863271,4.76,0.73451,651.3425
ASML,2022-02-03,659.09,664.67,644.47,645.93,1212000,-13.16,-2.0,653.54
ASML,2022-02-02,687.95,691.24,674.09,686.75,713603,-1.2,-0.17443,685.0075
ASML,2022-02-01,682.55,683.71,666.27,681.48,945000,-1.07,-0.15677,678.5025
ASML,2022-01-31,650.7,677.55,648.03,677.2,1357612,26.5,4.07,663.37
ASML,2022-01-28,633.6,644.98,620.67,644.97,1339743,11.37,1.79,636.055
ASML,2022-01-27,664.8,665.0,631.4,634.66,1465639,-30.14,-4.53,648.965
ASML,2022-01-26,661.63,679.38,644.66,653.26,1376700,-8.37,-1.27,659.7325
ASML,2022-01-25,652.64,668.16,643.82,648.57,2095300,-4.07,-0.62362,653.2975
ASML,2022-01-24,666.05,688.64,648.63,687.42,2834486,21.37,3.21,672.685
ASML,2022-01-21,707.29,721.2,694.71,694.73,1689600,-12.56,-1.78,704.4825
ASML,2022-01-20,724.89,729.98,706.21,706.46,1536534,-18.43,-2.54,716.885
ASML,2022-01-19,736.94,738.88,698.71,698.82,1593207,-38.12,-5.17,718.3375
ASML,2022-01-18,741.03,741.07,714.24,715.23,1180036,-25.8,-3.48,727.8925
ASML,2022-01-14,735.6,746.6,728.17,744.53,1313600,8.93,1.21,738.725
ASML,2022-01-13,772.41,777.92,728.64,730.08,1628708,-42.33,-5.48,752.2625
ASML,2022-01-12,739.31,749.45,735.0,742.17,959784,2.86,0.38685,741.4825
ASML,2022-01-11,706.99,731.44,700.71,729.16,2120708,22.17,3.14,717.075
ASML,2022-01-10,716.52,727.66,702.3,727.17,1973435,10.65,1.49,718.4125
ASML,2022-01-07,758.39,763.36,743.6,756.1,1363367,-2.29,-0.30196,755.3625
ASML,2022-01-06,739.53,763.76,729.81,763.12,2041214,23.59,3.19,749.055
ASML,2022-01-05,765.91,766.54,745.04,745.67,1193232,-20.24,-2.64,755.79
ASML,2022-01-04,793.63,793.63,763.29,779.19,874100,-14.44,-1.82,782.435
ASML,2022-01-03,795.74,799.36,784.96,797.49,720765,1.75,0.21992,794.3875
ASML,2021-12-31,801.51,805.28,795.88,796.14,236528,-5.37,-0.66999,799.7025
ASML,2021-12-30,803.69,808.29,799.92,800.22,412064,-3.47,-0.43176,803.03
ASML,2021-12-29,798.11,805.24,794.4,801.98,404983,3.87,0.4849,799.9325
ASML,2021-12-28,817.3,817.3,803.09,804.77,548626,-12.53,-1.53,810.615
ASML,2021-12-27,794.4,813.59,794.36,811.43,527705,17.03,2.14,803.445
ASML,2021-12-23,794.64,805.72,794.08,801.41,496784,6.77,0.85196,798.9625
ASML,2021-12-22,777.8,792.12,775.0,792.12,534970,14.32,1.84,784.26
ASML,2021-12-21,775.73,784.45,765.02,783.04,838100,7.31,0.94234,777.06
ASML,2021-12-20,747.6,756.72,744.45,752.88,647130,5.28,0.70626,750.4125
ASML,2021-12-17,751.16,758.0,743.96,749.87,1658507,-1.29,-0.17173,750.7475
ASML,2021-12-16,799.0,799.84,753.62,755.0,1006900,-44.0,-5.51,776.865
ASML,2021-12-15,764.57,792.6,760.66,792.22,910711,27.65,3.62,777.5125
ASML,2021-12-14,754.42,760.31,743.25,754.39,842445,-0.03,-0.00397656,753.0925
ASML,2021-12-13,780.57,781.84,764.34,764.47,615109,-16.1,-2.06,772.805
ASML,2021-12-10,777.28,783.65,772.48,781.84,602700,4.56,0.58666,778.8125
ASML,2021-12-09,786.16,790.01,772.36,772.61,709100,-13.55,-1.72,780.285
ASML,2021-12-08,803.21,805.0,796.19,803.92,551528,0.71,0.08839531,802.08
ASML,2021-12-07,788.0,809.4,783.72,806.01,983200,18.01,2.29,796.7825
ASML,2021-12-06,758.88,761.4,741.4,756.39,1223247,-2.49,-0.32812,754.5175
ASML,2021-12-03,785.97,790.74,759.84,771.52,1115600,-14.45,-1.84,777.0175
ASML,2021-12-02,784.44,796.45,778.32,789.38,957100,4.94,0.62975,787.1475
ASML,2021-12-01,812.56,832.68,802.44,804.0,1201698,-8.56,-1.05,812.92
ASML,2021-11-30,807.07,821.35,787.15,791.51,1144524,-15.56,-1.93,801.77
ASML,2021-11-29,795.01,815.73,789.99,815.01,1410700,20.0,2.52,803.935
ASML,2021-11-26,786.96,795.92,776.01,782.02,786306,-4.94,-0.62773,785.2275
ASML,2021-11-24,782.0,803.48,777.44,802.39,1246741,20.39,2.61,791.3275
ASML,2021-11-23,811.66,819.36,793.12,807.48,1193564,-4.18,-0.51499,807.905
ASML,2021-11-22,855.0,859.66,824.72,825.75,881599,-29.25,-3.42,841.2825
ASML,2021-11-19,866.85,867.55,854.47,857.17,778512,-9.68,-1.12,861.51
ASML,2021-11-18,877.42,881.12,870.56,879.12,866036,1.7,0.19375,877.055
ASML,2021-11-17,859.2,868.0,857.6,859.46,549409,0.26,0.03026071,861.065
ASML,2021-11-16,851.52,862.61,847.24,860.55,690900,9.03,1.06,855.48
ASML,2021-11-15,855.0,861.6,852.99,856.72,638041,1.72,0.20117,856.5775
ASML,2021-11-12,840.0,855.0,835.1,851.63,531257,11.63,1.38,845.4325
ASML,2021-11-11,833.27,839.04,829.2,833.39,416170,0.12,0.01440109,833.725
ASML,2021-11-10,829.61,835.44,815.11,817.85,737728,-11.76,-1.42,824.5025
ASML,2021-11-09,852.01,855.46,842.0,850.05,676848,-1.96,-0.23004,849.88
ASML,2021-11-08,855.51,856.95,848.0,849.93,728399,-5.58,-0.65224,852.5975
ASML,2021-11-05,852.23,854.64,841.64,847.0,735310,-5.23,-0.61368,848.8775
ASML,2021-11-04,831.64,853.15,829.6,850.49,1058483,18.85,2.27,841.22
ASML,2021-11-03,818.4,831.58,810.48,830.02,566909,11.62,1.42,822.62
ASML,2021-11-02,812.32,817.69,811.29,812.02,504072,-0.3,-0.03693126,813.33
ASML,2021-11-01,806.91,808.0,796.48,807.45,573771,0.54,0.06692196,804.71
ASML,2021-10-29,807.23,814.46,804.75,812.88,583800,5.65,0.69992,809.83
ASML,2021-10-28,814.12,821.92,810.72,813.19,687512,-0.93,-0.11423,814.9875
ASML,2021-10-27,798.06,818.95,797.2,801.0,949825,2.94,0.36839,803.8025
ASML,2021-10-26,796.4,797.99,784.19,791.23,741400,-5.17,-0.64917,792.4525
ASML,2021-10-25,799.69,803.19,787.01,788.44,786029,-11.25,-1.41,794.5825
ASML,2021-10-22,798.19,808.8,796.27,800.97,1294777,2.78,0.34829,801.0575
ASML,2021-10-21,764.53,787.56,763.87,787.56,1083100,23.03,3.01,775.88
ASML,2021-10-20,782.24,785.14,758.24,767.7,1894907,-14.54,-1.86,773.33
ASML,2021-10-19,788.18,801.62,786.3,800.96,956612,12.78,1.62,794.265
ASML,2021-10-18,774.09,788.33,772.99,788.22,1014629,14.13,1.83,780.9075
ASML,2021-10-15,780.96,789.64,775.84,789.4,877401,8.44,1.08,783.96
ASML,2021-10-14,769.6,778.64,765.68,778.29,1372973,8.69,1.13,773.0525
ASML,2021-10-13,743.15,749.46,740.0,744.42,1170587,1.27,0.17089,744.2575
ASML,2021-10-12,734.0,734.0,722.4,725.05,868419,-8.95,-1.22,728.8625
ASML,2021-10-11,722.78,735.83,721.36,721.89,702502,-0.89,-0.12314,725.465
ASML,2021-10-08,749.36,749.74,729.33,730.27,1039700,-19.09,-2.55,739.675
ASML,2021-10-07,745.41,753.67,742.23,746.82,1267539,1.42,0.18916,747.0325
ASML,2021-10-06,725.38,734.7,719.01,732.5,973045,7.12,0.98155,727.8975
ASML,2021-10-05,725.04,742.63,722.62,732.87,1201500,7.83,1.08,730.79
ASML,2021-10-04,728.9,730.16,709.03,712.94,1663500,-15.96,-2.19,720.2575
ASML,2021-10-01,745.0,745.0,728.37,741.81,1180400,-3.19,-0.42819,740.045
ASML,2021-09-30,754.25,762.32,742.29,745.11,1079834,-9.14,-1.21,750.9925
ASML,2021-09-29,785.0,786.23,749.12,750.42,2216000,-34.58,-4.41,767.6925
ASML,2021-09-28,794.84,799.34,773.07,780.17,2390100,-14.67,-1.85,786.855
ASML,2021-09-27,843.28,847.88,833.05,835.31,1063900,-7.97,-0.94512,839.88
ASML,2021-09-24,867.36,873.36,865.12,868.82,510720,1.46,0.16833,868.665
ASML,2021-09-23,877.39,888.72,877.26,879.78,744500,2.39,0.2724,880.7875
ASML,2021-09-22,851.83,871.65,849.46,864.74,669400,12.91,1.52,859.42
ASML,2021-09-21,860.0,862.37,844.49,854.73,905714,-5.27,-0.61279,855.3975
ASML,2021-09-20,838.88,845.49,829.7,840.74,1122600,1.86,0.22172,838.7025
ASML,2021-09-17,875.1,875.31,852.41,859.85,1670538,-15.25,-1.74,865.6675
ASML,2021-09-16,877.14,889.78,875.44,887.31,811597,10.17,1.16,882.4175
ASML,2021-09-15,886.99,890.01,879.44,889.33,799950,2.34,0.26381,886.4425
ASML,2021-09-14,883.82,895.93,879.68,888.07,978322,4.25,0.48087,886.875
ASML,2021-09-13,869.22,872.21,861.04,871.24,636279,2.02,0.23239,868.4275
ASML,2021-09-10,870.94,875.36,857.4,858.87,1137707,-12.07,-1.39,865.6425
ASML,2021-09-09,855.48,862.76,852.1,853.5,642040,-1.98,-0.23145,855.96
ASML,2021-09-08,857.61,859.9,849.92,857.99,715114,0.38,0.04430918,856.355
ASML,2021-09-07,865.29,868.88,857.76,861.77,781120,-3.52,-0.4068,863.425
ASML,2021-09-03,848.52,862.98,848.52,858.11,698291,9.59,1.13,854.5325
ASML,2021-09-02,852.16,862.05,848.87,861.28,747204,9.12,1.07,856.09
ASML,2021-09-01,838.72,850.72,836.69,842.17,582148,3.45,0.41134,842.075
ASML,2021-08-31,843.78,844.16,827.21,833.04,579300,-10.74,-1.27,837.0475
ASML,2021-08-30,839.94,843.01,836.76,839.59,491038,-0.35,-0.04166964,839.825
ASML,2021-08-27,814.25,834.77,813.77,832.92,659049,18.67,2.29,823.9275
ASML,2021-08-26,808.27,815.83,804.16,810.94,450126,2.67,0.33034,809.8
ASML,2021-08-25,808.42,813.37,805.0,807.87,471118,-0.55,-0.06803394,808.665
ASML,2021-08-24,806.1,807.71,801.58,805.61,453813,-0.49,-0.0607865,805.25
ASML,2021-08-23,795.03,812.5,794.57,811.62,724300,16.59,2.09,803.43
ASML,2021-08-20,785.08,790.88,778.01,788.18,507760,3.1,0.39486,785.5375
ASML,2021-08-19,761.87,784.01,761.21,781.51,514117,19.64,2.58,772.15
ASML,2021-08-18,776.22,785.38,772.03,772.45,452683,-3.77,-0.48569,776.52
ASML,2021-08-17,781.76,783.39,770.4,776.56,483626,-5.2,-0.66517,778.0275
ASML,2021-08-16,787.83,790.97,779.74,787.35,426734,-0.475,-0.06092685,786.4725
ASML,2021-08-13,779.14,789.59,776.54,788.96,454778,9.82,1.26,783.5575
ASML,2021-08-12,788.7,788.7,778.53,781.07,765088,-7.63,-0.96741,784.25
ASML,2021-08-11,791.14,793.34,781.42,789.22,421649,-1.92,-0.24269,788.78
ASML,2021-08-10,795.59,797.04,783.83,789.29,589603,-6.3,-0.79187,791.4375
ASML,2021-08-09,790.22,792.25,785.6,788.68,477126,-1.54,-0.19488,789.1875
ASML,2021-08-06,784.5,787.19,779.9,783.28,556983,-1.22,-0.15551,783.7175
ASML,2021-08-05,805.51,805.64,790.32,794.75,723814,-10.76,-1.34,799.055
ASML,2021-08-04,792.01,798.57,787.8,795.48,629844,3.47,0.43813,793.465
ASML,2021-08-03,770.53,780.45,767.51,779.53,533707,9.0,1.17,774.505
ASML,2021-08-02,770.81,775.84,768.41,769.65,499943,-1.16,-0.15049,771.1775
ASML,2021-07-30,760.77,768.7,756.79,766.74,488200,5.97,0.78473,763.25
ASML,2021-07-29,761.63,767.89,759.86,765.71,634041,4.08,0.53569,763.7725
ASML,2021-07-28,750.0,761.04,745.4,759.86,716831,9.86,1.31,754.075
ASML,2021-07-27,751.17,752.15,733.06,745.6,881425,-5.57,-0.74151,745.495
ASML,2021-07-26,758.2,759.0,748.38,754.09,691917,-4.11,-0.54207,754.9175
ASML,2021-07-23,747.79,756.78,743.09,748.14,1070166,0.35,0.04680458,748.95
ASML,2021-07-22,733.0,740.06,724.2,729.92,946261,-3.08,-0.42019,731.795
ASML,2021-07-21,705.94,721.09,700.69,721.0,1281696,15.07,2.13,712.18
ASML,2021-07-20,676.86,688.66,672.93,684.05,805600,7.19,1.06,680.625
ASML,2021-07-19,673.85,684.32,671.59,684.0,855300,10.15,1.51,678.44
ASML,2021-07-16,702.88,706.99,686.87,687.42,578599,-15.46,-2.2,696.04
ASML,2021-07-15,712.57,713.27,696.84,703.94,729400,-8.63,-1.21,706.655
ASML,2021-07-14,719.98,723.01,712.88,716.51,852113,-3.47,-0.48196,718.095
ASML,2021-07-13,706.25,710.66,703.6,706.42,623343,0.17,0.0240708,706.7325
ASML,2021-07-12,700.0,708.51,699.17,707.81,618686,7.81,1.12,703.8725
ASML,2021-07-09,683.97,693.0,678.93,691.36,583669,7.39,1.08,686.815
ASML,2021-07-08,670.98,675.6,664.83,673.69,849400,2.7,0.40389,671.275
ASML,2021-07-07,694.04,695.72,684.37,690.18,443002,-3.86,-0.55616,691.0775
ASML,2021-07-06,689.44,693.55,676.7,685.87,788700,-3.57,-0.51781,686.39
ASML,2021-07-02,688.49,689.87,683.7,687.54,449766,-0.95,-0.13798,687.4
ASML,2021-07-01,687.24,691.68,674.53,679.31,997648,-7.93,-1.15,683.19
ASML,2021-06-30,694.6,696.57,686.59,690.84,767500,-3.76,-0.54132,692.15
ASML,2021-06-29,699.95,705.27,698.2,703.68,400000,3.73,0.5329,701.775
ASML,2021-06-28,698.93,705.8,698.67,704.11,624071,5.18,0.74113,701.8775
ASML,2021-06-25,693.93,695.56,685.97,686.21,431430,-7.72,-1.11,690.4175
ASML,2021-06-24,691.67,697.96,690.67,695.0,469425,3.33,0.48144,693.825
ASML,2021-06-23,686.53,689.23,679.55,681.65,523547,-4.88,-0.71082,684.24
ASML,2021-06-22,680.49,687.57,676.26,685.81,542248,5.32,0.78179,682.5325
ASML,2021-06-21,678.5,681.95,672.4,680.65,565625,2.15,0.31688,678.375
ASML,2021-06-18,685.35,687.2,668.57,671.07,1669900,-14.28,-2.08,678.0475
ASML,2021-06-17,691.36,704.53,691.1,698.83,746709,7.47,1.08,696.455
ASML,2021-06-16,706.05,709.97,693.7,699.05,591197,-7.0,-0.99143,702.1925
ASML,2021-06-15,707.6,710.97,696.87,701.78,510700,-5.82,-0.8225,704.305
ASML,2021-06-14,699.51,709.63,695.54,709.33,636600,9.82,1.4,703.5025
ASML,2021-06-11,698.2,698.94,691.35,697.03,445100,-1.17,-0.16757,696.38
ASML,2021-06-10,689.36,704.78,686.56,699.94,800214,10.58,1.53,695.16
ASML,2021-06-09,685.0,688.06,680.81,682.59,440722,-2.41,-0.35182,684.115
ASML,2021-06-08,690.67,692.12,676.55,680.73,563006,-9.94,-1.44,685.0175
ASML,2021-06-07,680.18,684.41,676.48,681.98,594300,1.8,0.26464,680.7625
ASML,2021-06-04,674.81,684.02,673.09,683.3,531025,8.5,1.26,678.805
ASML,2021-06-03,667.35,670.41,660.11,665.89,612100,-1.46,-0.21878,665.94
ASML,2021-06-02,670.52,678.73,668.77,674.09,597014,3.57,0.53242,673.0275
ASML,2021-06-01,684.74,688.09,668.52,671.8,1292132,-12.94,-1.89,678.2875
ASML,2021-05-28,669.03,675.98,666.94,675.47,615672,6.44,0.96259,671.855
ASML,2021-05-27,661.0,667.86,658.93,665.09,652725,4.09,0.61876,663.22
ASML,2021-05-26,667.22,669.54,659.86,665.77,597100,-1.45,-0.21732,665.5975
ASML,2021-05-25,671.17,679.44,667.28,672.29,1088800,1.12,0.16687,672.545
ASML,2021-05-24,647.5,662.26,645.76,658.95,794006,11.45,1.77,653.6175
ASML,2021-05-21,645.86,647.36,636.18,639.22,847521,-6.64,-1.03,642.155
ASML,2021-05-20,632.69,652.25,631.75,648.77,1087067,16.08,2.54,641.365
ASML,2021-05-19,608.01,630.98,606.64,630.78,1049600,22.77,3.75,619.1025
ASML,2021-05-18,641.4,643.76,631.61,632.19,644764,-9.21,-1.44,637.24
ASML,2021-05-17,631.89,636.08,623.3,635.35,929668,3.46,0.54756,631.655
ASML,2021-05-14,630.14,651.14,625.41,647.76,1331015,17.62,2.8,638.6125
ASML,2021-05-13,621.64,628.75,611.81,623.09,1436332,1.45,0.23325,621.3225
ASML,2021-05-12,615.0,619.71,600.26,601.88,1107700,-13.12,-2.13,609.2125
ASML,2021-05-11,616.12,633.66,614.61,630.66,891268,14.54,2.36,623.7625
ASML,2021-05-10,648.3,648.64,626.52,627.26,882700,-21.04,-3.25,637.68
ASML,2021-05-07,651.78,661.29,647.71,658.57,573866,6.79,1.04,654.8375
ASML,2021-05-06,638.33,644.64,629.93,644.34,618482,6.01,0.94152,639.31
ASML,2021-05-05,642.0,651.98,635.82,641.88,948314,-0.12,-0.01869159,642.92
ASML,2021-05-04,635.67,639.23,615.91,629.0,1505801,-6.67,-1.05,629.9525
ASML,2021-05-03,657.71,658.08,647.71,654.43,672000,-3.28,-0.4987,654.4825
ASML,2021-04-30,654.27,661.05,645.7,648.1,575204,-6.17,-0.94304,652.28
ASML,2021-04-29,666.29,666.63,654.06,662.48,504371,-3.81,-0.57182,662.365
ASML,2021-04-28,664.45,670.86,661.28,665.34,571300,0.89,0.13395,665.4825
ASML,2021-04-27,670.33,674.84,661.79,672.81,678244,2.48,0.36997,669.9425
ASML,2021-04-26,666.96,675.65,666.96,670.44,801044,3.48,0.52177,670.0025
ASML,2021-04-23,659.22,671.28,658.37,670.91,1126087,11.69,1.77,664.945
ASML,2021-04-22,664.17,665.87,640.48,647.09,1233400,-17.08,-2.57,654.4025
ASML,2021-04-21,637.72,655.84,635.93,655.49,2160900,17.77,2.79,646.245
ASML,2021-04-20,626.03,627.79,612.78,616.94,988000,-9.09,-1.45,620.885
ASML,2021-04-19,637.64,639.26,622.45,630.11,1139233,-7.53,-1.18,632.365
ASML,2021-04-16,640.26,647.94,638.48,645.69,605250,5.43,0.84809,643.0925
ASML,2021-04-15,633.78,642.9,627.52,642.09,980433,8.31,1.31,636.5725
ASML,2021-04-14,635.67,641.09,627.04,630.99,718262,-4.68,-0.73623,633.6975
ASML,2021-04-13,635.63,636.74,623.72,629.12,710547,-6.51,-1.02,631.3025
ASML,2021-04-12,631.56,631.58,620.62,630.43,739843,-1.13,-0.17892,628.5475
ASML,2021-04-09,634.34,638.71,628.55,634.32,631241,-0.02,-0.00315288,633.98
ASML,2021-04-08,635.96,641.59,632.75,639.88,865930,3.92,0.61639,637.545
ASML,2021-04-07,627.16,631.4,622.19,626.56,820600,-0.6,-0.09566937,626.8275
ASML,2021-04-06,633.41,635.75,618.38,628.0,1282171,-5.41,-0.85411,628.885
ASML,2021-04-05,651.65,653.0,638.03,640.49,1530102,-11.16,-1.71,645.7925
ASML,2021-04-01,619.8,639.49,619.75,637.1,1908300,17.3,2.79,629.035
ASML,2021-03-31,606.16,620.94,605.2,617.36,1579600,11.2,1.85,612.415
ASML,2021-03-30,599.92,606.26,595.52,601.29,1071735,1.37,0.22836,600.7475
ASML,2021-03-29,614.76,616.86,601.44,608.0,1214948,-6.76,-1.1,610.265
ASML,2021-03-26,588.69,627.3,588.69,625.67,1933626,36.98,6.28,607.5875
ASML,2021-03-25,570.91,585.84,569.09,584.0,1088900,13.09,2.29,577.46
ASML,2021-03-24,587.18,594.47,578.0,578.58,2121661,-8.6,-1.46,584.5575
ASML,2021-03-23,569.52,571.28,555.5,558.87,866300,-10.65,-1.87,563.7925
ASML,2021-03-22,567.64,577.99,563.83,575.99,1216927,8.35,1.47,571.3625
ASML,2021-03-19,544.69,557.09,541.31,547.42,1404627,2.73,0.5012,547.6275
ASML,2021-03-18,547.98,552.48,539.02,539.19,790141,-8.79,-1.6,544.6675
ASML,2021-03-17,548.22,566.05,542.86,559.57,841400,11.35,2.07,554.175
ASML,2021-03-16,546.38,555.73,545.96,549.38,651600,3.0,0.54907,549.3625
ASML,2021-03-15,538.67,547.8,536.01,547.19,582449,8.52,1.58,542.4175
ASML,2021-03-12,534.12,539.08,528.6,537.63,714993,3.51,0.65716,534.8575
ASML,2021-03-11,546.99,548.49,540.01,544.4,1009724,-2.59,-0.4735,544.9725
ASML,2021-03-10,540.08,541.82,521.11,523.33,876833,-16.75,-3.1,531.585
ASML,2021-03-09,527.64,543.21,524.95,539.52,1240500,11.88,2.25,533.83
ASML,2021-03-08,526.44,529.17,501.11,502.19,1180748,-24.25,-4.61,514.7275
ASML,2021-03-05,527.97,530.85,508.33,527.04,1370149,-0.93,-0.17615,523.5475
ASML,2021-03-04,537.85,541.33,502.09,510.5,1702546,-27.35,-5.09,522.9425
ASML,2021-03-03,564.59,565.95,541.2,543.6,1006900,-20.99,-3.72,553.835
ASML,2021-03-02,579.03,579.87,563.0,563.14,696344,-15.89,-2.74,571.26
ASML,2021-03-01,572.37,584.36,568.86,583.55,679699,11.18,1.95,577.285
ASML,2021-02-26,572.34,573.49,560.7,567.09,946636,-5.25,-0.91729,568.405
ASML,2021-02-25,582.63,586.4,559.66,559.77,1288938,-22.86,-3.92,572.115
ASML,2021-02-24,573.34,595.96,565.55,595.01,1023241,21.67,3.78,582.465
ASML,2021-02-23,571.72,579.18,560.13,576.07,1004841,4.35,0.76086,571.775
ASML,2021-02-22,587.62,590.12,576.5,578.5,753400,-9.12,-1.55,583.185
ASML,2021-02-19,591.84,600.75,589.39,594.4,821530,2.56,0.43255,594.095
ASML,2021-02-18,584.36,589.46,576.05,582.48,716978,-1.88,-0.32172,583.0875
ASML,2021-02-17,598.35,598.48,581.46,587.58,825131,-10.77,-1.8,591.4675
ASML,2021-02-16,605.58,608.71,599.17,603.14,621739,-2.44,-0.40292,604.15
ASML,2021-02-12,591.97,601.46,589.15,597.99,732508,6.02,1.02,595.1425
ASML,2021-02-11,574.63,591.79,573.83,591.51,975488,16.88,2.94,582.94
ASML,2021-02-10,571.43,573.06,559.7,566.89,458702,-4.54,-0.7945,567.77
ASML,2021-02-09,566.54,571.93,565.5,565.5,483326,-1.04,-0.18357,567.3675
ASML,2021-02-08,557.97,566.93,557.97,564.0,716933,6.03,1.08,561.7175
ASML,2021-02-05,554.96,556.14,551.02,552.81,461700,-2.15,-0.38742,553.7325
ASML,2021-02-04,546.96,555.98,544.28,555.44,554596,8.48,1.55,550.665
ASML,2021-02-03,551.29,551.72,541.95,542.91,635400,-8.38,-1.52,546.9675
ASML,2021-02-02,553.78,556.79,549.45,553.5,721677,-0.28,-0.05056159,553.38
ASML,2021-02-01,547.4,555.47,544.53,554.39,849718,6.99,1.28,550.4475
ASML,2021-01-29,540.96,543.5,528.3,534.16,867310,-6.8,-1.26,536.73
ASML,2021-01-28,542.11,553.84,537.38,547.22,968890,5.11,0.94261,545.1375
ASML,2021-01-27,534.97,539.52,522.5,524.63,1506824,-10.34,-1.93,530.405
ASML,2021-01-26,563.18,563.65,548.44,549.0,887700,-14.18,-2.52,556.0675
ASML,2021-01-25,562.15,568.22,554.12,567.61,966663,5.46,0.97127,563.025
ASML,2021-01-22,563.49,570.71,562.79,569.45,901640,5.96,1.06,566.61
ASML,2021-01-21,568.0,573.8,565.61,570.74,1273229,2.74,0.48239,569.5375
ASML,2021-01-20,555.57,558.16,543.16,549.38,1122141,-6.19,-1.11,551.5675
ASML,2021-01-19,533.0,550.48,530.61,549.5,1504001,16.5,3.1,540.8975
ASML,2021-01-15,532.31,536.85,525.36,527.5,869257,-4.81,-0.90361,530.505
ASML,2021-01-14,530.16,546.4,529.89,544.65,1450578,14.49,2.73,537.775
ASML,2021-01-13,511.21,515.61,509.38,514.06,513719,2.85,0.5575,512.565
ASML,2021-01-12,507.1,514.79,503.5,513.93,651789,6.83,1.35,509.83
ASML,2021-01-11,500.5,508.91,499.43,507.95,703828,7.45,1.49,504.1975
ASML,2021-01-08,512.59,514.28,501.71,508.74,734573,-3.85,-0.75109,509.33
ASML,2021-01-07,495.97,503.22,495.52,501.43,936230,5.46,1.1,499.035
ASML,2021-01-06,491.85,499.84,489.74,490.22,978008,-1.63,-0.3314,492.9125
ASML,2021-01-05,494.16,505.36,493.89,505.36,1029900,11.2,2.27,499.6925
ASML,2021-01-04,499.99,504.75,490.71,500.0,1527642,0.01,0.00200004,498.8625
ASML,2020-12-31,490.0,490.52,483.45,487.72,312790,-2.28,-0.46531,487.9225
ASML,2020-12-30,488.13,492.66,488.0,489.91,381913,1.78,0.36466,489.675
ASML,2020-12-29,489.45,489.45,482.51,484.01,377200,-5.44,-1.11,486.355
ASML,2020-12-28,487.14,488.72,478.43,480.24,449349,-6.9,-1.42,483.6325
ASML,2020-12-24,478.95,484.6,477.08,483.09,271917,4.14,0.86439,480.93
ASML,2020-12-23,478.94,480.39,474.2,474.62,389206,-4.32,-0.90199,477.0375
ASML,2020-12-22,473.48,478.62,472.95,476.18,431436,2.7,0.57025,475.3075
ASML,2020-12-21,460.26,472.28,459.48,472.26,622800,12.0,2.61,466.07
ASML,2020-12-18,478.49,479.45,474.32,477.24,730750,-1.25,-0.26124,477.375
ASML,2020-12-17,478.73,481.32,476.01,477.3,477326,-1.43,-0.29871,478.34
ASML,2020-12-16,467.99,472.24,465.01,471.53,524912,3.54,0.75643,469.1925
ASML,2020-12-15,464.51,469.62,461.89,469.3,640030,4.79,1.03,466.33
ASML,2020-12-14,452.34,456.82,452.17,452.99,546100,0.65,0.1437,453.58
ASML,2020-12-11,453.81,457.15,451.84,452.63,512100,-1.18,-0.26002,453.8575
ASML,2020-12-10,451.14,458.88,449.12,457.8,539329,6.66,1.48,454.235
ASML,2020-12-09,463.8,465.96,450.52,452.89,868920,-10.91,-2.35,458.2925
ASML,2020-12-08,465.92,470.85,464.94,468.57,738863,2.65,0.56877,467.57
ASML,2020-12-07,464.56,471.01,464.1,469.73,632927,5.17,1.11,467.35
ASML,2020-12-04,454.0,464.5,453.47,464.39,660883,10.39,2.29,459.09
ASML,2020-12-03,457.01,459.22,452.31,452.9,677956,-4.11,-0.89932,455.36
ASML,2020-12-02,447.16,452.11,444.26,451.0,1050700,3.84,0.85875,448.6325
ASML,2020-12-01,447.1,451.73,444.48,449.24,685100,2.14,0.47864,448.1375
ASML,2020-11-30,440.54,441.29,433.67,437.73,508594,-2.81,-0.63785,438.3075
ASML,2020-11-27,429.33,438.72,428.78,437.77,432500,8.44,1.97,433.65
ASML,2020-11-25,423.26,424.68,420.75,423.48,308200,0.22,0.05197751,423.0425
ASML,2020-11-24,425.42,427.61,423.02,424.27,618392,-1.15,-0.27032,425.08
ASML,2020-11-23,427.99,429.64,421.95,427.15,598982,-0.84,-0.19627,426.6825
ASML,2020-11-20,424.04,428.4,423.52,423.59,484007,-0.45,-0.10612,424.8875
ASML,2020-11-19,417.31,423.38,416.87,423.36,914100,6.05,1.45,420.23
ASML,2020-11-18,424.12,427.36,421.02,423.81,543662,-0.31,-0.07309252,424.0775
ASML,2020-11-17,424.92,427.45,422.25,426.48,524649,1.56,0.36713,425.275
ASML,2020-11-16,419.95,426.65,419.63,426.51,547329,6.56,1.56,423.185
ASML,2020-11-13,419.57,421.38,416.38,419.59,582740,0.02,0.00476679,419.23
ASML,2020-11-12,419.0,421.18,412.01,412.72,800800,-6.28,-1.5,416.2275
ASML,2020-11-11,407.4,418.64,407.28,418.05,933300,10.65,2.61,412.8425
ASML,2020-11-10,409.12,410.11,397.98,399.3,1323152,-9.82,-2.4,404.1275
ASML,2020-11-09,417.04,420.65,406.32,406.33,1273787,-10.71,-2.57,412.585
ASML,2020-11-06,402.1,407.5,398.19,406.24,711030,4.14,1.03,403.5075
ASML,2020-11-05,397.2,399.68,393.46,398.19,1115653,0.99,0.24924,397.1325
ASML,2020-11-04,373.66,384.96,372.32,383.0,2451592,9.34,2.5,378.485
ASML,2020-11-03,368.46,376.39,367.86,372.06,813619,3.6,0.97704,371.1925
ASML,2020-11-02,364.48,368.32,361.72,365.21,893331,0.73,0.20029,364.9325
ASML,2020-10-30,363.81,365.83,359.01,361.21,821101,-2.6,-0.71466,362.465
ASML,2020-10-29,363.34,373.8,362.22,370.86,808829,7.52,2.07,367.555
ASML,2020-10-28,359.47,365.07,357.38,362.86,953139,3.39,0.94306,361.195
ASML,2020-10-27,368.41,370.54,364.46,366.37,968738,-2.04,-0.55373,367.445
ASML,2020-10-26,371.55,374.88,364.0,367.49,900431,-4.06,-1.09,369.48
ASML,2020-10-23,378.84,379.56,374.14,378.56,467600,-0.28,-0.07390983,377.775
ASML,2020-10-22,381.1,382.09,375.4,375.5,613815,-5.6,-1.47,378.5225
ASML,2020-10-21,385.65,389.29,382.98,383.0,359349,-2.65,-0.68715,385.23
ASML,2020-10-20,386.82,389.27,384.26,384.96,357130,-1.86,-0.48084,386.3275
ASML,2020-10-19,392.19,392.27,383.79,385.31,392789,-6.88,-1.75,388.39
ASML,2020-10-16,390.76,392.38,385.87,386.9,594658,-3.86,-0.98782,388.9775
ASML,2020-10-15,383.8,387.92,380.72,386.57,786450,2.77,0.72173,384.7525
ASML,2020-10-14,402.64,406.0,395.5,398.03,954948,-4.61,-1.14,400.5425
ASML,2020-10-13,401.51,409.11,398.28,405.15,1027900,3.64,0.90658,403.5125
ASML,2020-10-12,395.43,401.0,395.43,399.04,840385,3.61,0.91293,397.725
ASML,2020-10-09,385.8,389.98,385.77,388.99,539442,3.19,0.82685,387.635
ASML,2020-10-08,376.77,380.95,376.44,380.89,686942,4.12,1.09,378.7625
ASML,2020-10-07,374.43,376.53,371.63,375.8,550990,1.37,0.36589,374.5975
ASML,2020-10-06,374.2,377.38,368.56,370.11,686794,-4.09,-1.09,372.5625
ASML,2020-10-05,375.15,382.4,374.91,382.11,650064,6.96,1.86,378.6425
ASML,2020-10-02,372.4,375.72,370.0,370.0,711600,-2.4,-0.64447,372.03
ASML,2020-10-01,375.53,382.65,374.42,382.01,891622,6.48,1.73,378.6525
ASML,2020-09-30,368.78,373.25,367.5,369.27,867970,0.49,0.13287,369.7
ASML,2020-09-29,370.07,375.88,369.57,374.0,608800,3.93,1.06,372.38
ASML,2020-09-28,365.9,371.49,364.35,371.06,822036,5.16,1.41,368.2
ASML,2020-09-25,352.82,361.11,351.09,360.48,724209,7.66,2.17,356.375
ASML,2020-09-24,354.65,363.59,353.68,360.16,768490,5.51,1.55,358.02
ASML,2020-09-23,365.21,366.58,356.93,357.56,709928,-7.65,-2.09,361.57
ASML,2020-09-22,363.99,365.1,358.73,364.64,971263,0.6525,0.17858,363.115
ASML,2020-09-21,355.31,363.0,352.57,362.62,658229,7.31,2.06,358.375
ASML,2020-09-18,370.29,370.91,359.93,366.34,912200,-3.95,-1.07,366.8675
ASML,2020-09-17,355.51,367.63,355.14,366.74,901010,11.23,3.16,361.255
ASML,2020-09-16,372.0,372.98,362.36,362.38,973900,-9.62,-2.59,367.43
ASML,2020-09-15,374.55,374.76,369.1,370.25,717251,-4.3,-1.15,372.165
ASML,2020-09-14,369.77,369.98,365.36,367.94,576035,-1.83,-0.4949,368.2625
ASML,2020-09-11,364.0,367.15,357.59,359.23,678700,-4.76,-1.31,361.9925
ASML,2020-09-10,364.27,366.81,355.03,357.0,678610,-7.26,-2.0,360.7775
ASML,2020-09-09,357.97,361.54,353.51,359.37,847300,1.4,0.39109,358.0975
ASML,2020-09-08,345.37,353.39,343.25,347.35,1541235,1.98,0.5733,347.34
ASML,2020-09-04,365.5,371.0,352.86,367.42,1206478,1.92,0.52531,364.195
ASML,2020-09-03,389.1,389.31,370.08,376.16,1259673,-12.94,-3.33,381.1625
ASML,2020-09-02,395.66,401.15,390.49,398.49,904307,2.83,0.71526,396.4475
ASML,2020-09-01,384.11,386.9,382.33,386.9,635052,2.79,0.72635,385.06
ASML,2020-08-31,375.92,378.44,373.31,374.18,533313,-1.74,-0.46286,375.4625
ASML,2020-08-28,376.12,379.89,374.8,379.47,490244,3.35,0.89067,377.57
ASML,2020-08-27,386.72,386.8,373.24,376.22,636264,-10.5,-2.72,380.745
ASML,2020-08-26,380.09,386.67,380.08,385.92,417767,5.83,1.53,383.19
ASML,2020-08-25,379.3,380.83,376.27,380.83,378636,1.53,0.40337,379.3075
ASML,2020-08-24,380.25,380.8,374.53,377.99,590814,-2.26,-0.59435,378.3925
ASML,2020-08-21,366.15,372.13,365.54,372.12,605460,5.97,1.63,368.985
ASML,2020-08-20,369.54,373.38,368.38,372.17,498299,2.63,0.7117,370.8675
ASML,2020-08-19,380.39,380.43,373.96,374.94,354439,-5.45,-1.43,377.43
ASML,2020-08-18,383.61,383.98,376.99,377.22,466784,-6.39,-1.67,380.45
ASML,2020-08-17,376.66,380.5,376.25,378.51,428473,1.85,0.49116,377.98
ASML,2020-08-14,371.08,374.15,369.67,371.1,543901,0.02,0.00538967,371.5
ASML,2020-08-13,376.58,378.14,373.0,374.76,470700,-1.82,-0.4833,375.62
ASML,2020-08-12,366.59,376.03,365.64,374.81,565452,8.22,2.24,370.7675
ASML,2020-08-11,366.04,369.37,360.66,361.31,627000,-4.73,-1.29,364.345
ASML,2020-08-10,364.76,366.78,359.54,365.41,548039,0.65,0.1782,364.1225
ASML,2020-08-07,370.74,371.17,362.33,366.07,572522,-4.67,-1.26,367.5775
ASML,2020-08-06,368.05,369.56,364.18,369.23,402208,1.18,0.32061,367.755
ASML,2020-08-05,371.01,373.21,366.71,368.51,591410,-2.5,-0.67384,369.86
ASML,2020-08-04,368.43,371.87,368.2,370.33,833400,1.9,0.5157,369.7075
ASML,2020-08-03,361.02,367.15,359.82,366.61,862525,5.59,1.55,363.65
ASML,2020-07-31,361.95,362.16,350.74,353.72,955150,-8.23,-2.27,357.1425
ASML,2020-07-30,355.85,362.82,354.86,362.73,1010681,6.88,1.93,359.065
ASML,2020-07-29,365.0,366.16,361.69,364.62,1446738,-0.38,-0.10411,364.3675
ASML,2020-07-28,381.11,381.74,376.19,376.36,502037,-4.75,-1.25,378.85
ASML,2020-07-27,377.99,383.79,376.26,381.78,1080323,3.79,1.0,379.955
ASML,2020-07-24,371.01,375.16,366.77,367.68,1628900,-3.33,-0.89755,370.155
ASML,2020-07-23,390.05,394.21,381.89,384.23,990813,-5.82,-1.49,387.595
ASML,2020-07-22,392.62,394.55,389.75,392.6,710393,-0.02,-0.00509398,392.38
ASML,2020-07-21,392.14,392.29,383.16,383.82,824723,-8.32,-2.12,387.8525
ASML,2020-07-20,383.91,392.47,382.08,391.48,972600,7.57,1.97,387.485
ASML,2020-07-17,385.43,387.05,380.11,383.59,1048700,-1.84,-0.47739,384.045
ASML,2020-07-16,374.1,393.86,372.82,385.22,2240921,11.12,2.97,381.5
ASML,2020-07-15,387.17,387.69,372.51,375.43,1640300,-11.74,-3.03,380.7
ASML,2020-07-14,386.63,397.55,385.41,396.83,880100,10.2,2.64,391.605
ASML,2020-07-13,397.86,402.87,387.87,388.62,1083664,-9.24,-2.32,394.305
ASML,2020-07-10,399.08,399.19,391.95,395.85,667219,-3.23,-0.80936,396.5175
ASML,2020-07-09,395.45,395.68,386.1,394.53,644229,-0.92,-0.23265,392.94
ASML,2020-07-08,388.83,392.15,386.89,391.93,599359,3.1,0.79726,389.95
ASML,2020-07-07,385.4,388.61,381.87,382.02,411038,-3.38,-0.87701,384.475
ASML,2020-07-06,386.28,389.49,383.5,385.46,753175,-0.82,-0.21228,386.1825
ASML,2020-07-02,373.56,375.88,372.41,373.22,449400,-0.34,-0.09101617,373.7675
ASML,2020-07-01,368.03,370.19,365.27,367.59,516687,-0.44,-0.11956,367.77
ASML,2020-06-30,362.22,368.91,362.19,368.03,678628,5.81,1.6,365.3375
ASML,2020-06-29,362.93,365.1,358.11,364.81,612800,1.88,0.51801,362.7375
ASML,2020-06-26,367.43,368.2,361.0,361.76,493110,-5.67,-1.54,364.5975
ASML,2020-06-25,362.47,366.93,358.58,366.55,465134,4.08,1.13,363.6325
ASML,2020-06-24,365.59,367.56,359.53,361.58,613503,-4.01,-1.1,363.565
ASML,2020-06-23,370.61,371.8,366.55,366.64,604161,-3.97,-1.07,368.9
ASML,2020-06-22,362.38,364.93,359.82,364.29,554909,1.91,0.52707,362.855
ASML,2020-06-19,364.73,368.14,359.59,360.67,787088,-4.06,-1.11,363.2825
ASML,2020-06-18,359.58,361.8,356.52,358.88,494700,-0.7,-0.19467,359.195
ASML,2020-06-17,361.38,365.75,360.41,362.41,710400,1.03,0.28502,362.4875
ASML,2020-06-16,351.25,355.0,347.04,352.05,864185,0.8,0.22776,351.335
ASML,2020-06-15,337.51,350.01,336.63,350.01,598297,12.5,3.7,343.54
ASML,2020-06-12,346.26,347.27,337.25,343.07,845129,-3.19,-0.92127,343.4625
ASML,2020-06-11,341.6,344.82,332.8,332.89,919350,-8.71,-2.55,338.0275
ASML,2020-06-10,351.01,353.42,347.71,347.92,997947,-3.09,-0.88032,350.015
ASML,2020-06-09,346.62,353.14,345.18,349.33,737200,2.71,0.78184,348.5675
ASML,2020-06-08,350.97,351.57,343.11,349.25,1001700,-1.72,-0.49007,348.725
ASML,2020-06-05,359.0,364.16,356.16,357.22,899242,-1.78,-0.49582,359.135
ASML,2020-06-04,347.85,353.39,347.0,353.11,884685,5.26,1.51,350.3375
ASML,2020-06-03,340.51,347.46,338.85,346.3,693900,5.79,1.7,343.28
ASML,2020-06-02,331.69,335.02,328.77,334.73,717348,3.04,0.91652,332.5525
ASML,2020-06-01,323.88,327.16,323.5,326.73,526305,2.85,0.87996,325.3175
ASML,2020-05-29,325.45,329.98,324.24,329.51,649625,4.06,1.25,327.295
ASML,2020-05-28,321.26,329.08,319.41,319.97,798002,-1.29,-0.40154,322.43
ASML,2020-05-27,318.99,319.6,311.11,318.53,808165,-0.46,-0.14421,317.0575
ASML,2020-05-26,322.46,325.38,319.38,319.86,540407,-2.6,-0.8063,321.77
ASML,2020-05-22,315.97,319.5,314.32,319.36,365449,3.39,1.07,317.2875
ASML,2020-05-21,322.6,324.46,317.3,318.99,639200,-3.61,-1.12,320.8375
ASML,2020-05-20,318.24,326.26,317.55,325.64,1085140,7.4,2.33,321.9225
ASML,2020-05-19,303.82,311.99,303.73,306.25,687447,2.43,0.79982,306.4475
ASML,2020-05-18,297.69,306.56,297.66,304.89,997000,7.2,2.42,301.7
ASML,2020-05-15,292.75,296.22,290.1,292.54,957224,-0.21,-0.07173356,292.9025
ASML,2020-05-14,286.17,303.76,283.31,302.55,1296832,16.38,5.72,293.9475
ASML,2020-05-13,298.49,301.47,290.75,294.23,1142696,-4.26,-1.43,296.235
ASML,2020-05-12,305.38,305.9,296.24,296.63,481727,-8.75,-2.87,301.0375
ASML,2020-05-11,298.6,305.8,298.35,304.39,513752,5.79,1.94,301.785
ASML,2020-05-08,300.22,304.51,299.44,304.4,680613,4.18,1.39,302.1425
ASML,2020-05-07,297.94,300.12,294.55,299.59,572565,1.65,0.5538,298.05
ASML,2020-05-06,293.89,295.78,290.79,291.9,552400,-1.99,-0.67712,293.09
ASML,2020-05-05,284.33,293.0,284.33,288.35,821600,4.02,1.41,287.5025
ASML,2020-05-04,279.6,283.23,275.96,283.18,1036900,3.58,1.28,280.4925
ASML,2020-05-01,283.86,283.86,278.2,279.06,862800,-4.8,-1.69,281.245
ASML,2020-04-30,301.36,301.53,287.06,288.43,846377,-12.93,-4.29,294.595
ASML,2020-04-29,296.3,304.76,295.35,303.71,968053,7.41,2.5,300.03
ASML,2020-04-28,297.59,297.59,291.09,291.42,532014,-6.17,-2.07,294.4225
ASML,2020-04-27,293.79,294.76,290.28,290.9,689100,-2.89,-0.9837,292.4325
ASML,2020-04-24,289.89,292.46,285.97,291.84,464217,1.95,0.67267,290.04
ASML,2020-04-23,290.94,297.16,288.31,289.4,730518,-1.54,-0.52932,291.4525
ASML,2020-04-22,290.0,295.47,288.23,294.97,596100,4.97,1.71,292.1675
ASML,2020-04-21,286.07,287.55,278.57,281.09,663945,-4.98,-1.74,283.32
ASML,2020-04-20,291.65,298.01,291.44,291.58,510100,-0.07,-0.02400137,293.17
ASML,2020-04-17,301.25,301.43,293.61,295.65,899103,-5.6,-1.86,297.985
ASML,2020-04-16,289.83,292.55,286.17,292.4,1212108,2.57,0.88673,290.2375
ASML,2020-04-15,276.92,284.54,275.05,282.49,1487648,5.57,2.01,279.75
ASML,2020-04-14,286.99,294.76,285.05,288.93,1700721,1.94,0.67598,288.9325
ASML,2020-04-13,274.85,276.15,272.01,274.1,789400,-0.75,-0.27288,274.2775
ASML,2020-04-09,282.22,285.13,275.12,276.81,728900,-5.41,-1.92,279.82
ASML,2020-04-08,278.03,281.34,274.41,278.58,891700,0.55,0.19782,278.09
ASML,2020-04-07,280.46,281.28,271.0,272.59,768203,-7.87,-2.81,276.3325
ASML,2020-04-06,260.0,272.78,259.42,271.13,807600,11.13,4.28,265.8325
